id    Ne_anc  NeA     r       mu      L       samp    chg_r   split_gen       chg_gen mig_gen SLiM_gen        m       m_chg   selection_coefficient
BTL-20921-NdnZ-0001	10000	285	1e-06	1e-06	100000	20	0.0286	17956	7897	6751	6465	0	0	0.11061875475266579
BTL-20921-NdnZ-0002	10000	552	1e-06	1e-06	100000	20	0.0552	60051	20456	17158	15442	0	0	0.07129696659171109
BTL-20921-NdnZ-0003	10000	1673	1e-06	1e-06	100000	20	0.1673	76018	32356	36502	15850	0	0	0.005409643627994854
BTL-20921-NdnZ-0004	10000	1219	1e-06	1e-06	100000	20	0.1220	55471	14363	25637	12411	0	0	0.009430378057587513
BTL-20921-NdnZ-0005	10000	1734	1e-06	1e-06	100000	20	0.1734	68233	17894	20817	22312	0	0	0.0033832842968075085
BTL-20921-NdnZ-0006	10000	1588	1e-06	1e-06	100000	20	0.1588	48331	19348	18562	13199	0	0	0.026705500773694858
BTL-20921-NdnZ-0007	10000	247	1e-06	1e-06	100000	20	0.0248	79300	25543	35088	34396	0	0	0.004758005536186967
BTL-20921-NdnZ-0008	10000	838	1e-06	1e-06	100000	20	0.0839	68697	21914	16866	18760	0	0	0.03837980356545994
BTL-20921-NdnZ-0009	10000	1576	1e-06	1e-06	100000	20	0.1576	75553	34658	19700	32930	0	0	0.01340683497941317
BTL-20921-NdnZ-0010	10000	252	1e-06	1e-06	100000	20	0.0253	19998	7075	8513	6423	0	0	0.1796410332629487
BTL-20921-NdnZ-0011	10000	1693	1e-06	1e-06	100000	20	0.1694	66586	27984	21870	23432	0	0	0.022248227289627127
BTL-20921-NdnZ-0012	10000	1395	1e-06	1e-06	100000	20	0.1396	38046	11762	13193	12692	0	0	0.0039854902176330274
BTL-20921-NdnZ-0013	10000	1986	1e-06	1e-06	100000	20	0.1986	33686	7454	12037	12050	0	0	0.003899505682508923
BTL-20921-NdnZ-0014	10000	752	1e-06	1e-06	100000	20	0.0752	10428	2643	2314	4753	0	0	0.0016785203738598079
BTL-20921-NdnZ-0015	10000	683	1e-06	1e-06	100000	20	0.0684	54652	12500	20313	21139	0	0	0.003032884363286835
BTL-20921-NdnZ-0016	10000	1743	1e-06	1e-06	100000	20	0.1743	20505	7334	8195	4513	0	0	0.009329232087855101
BTL-20921-NdnZ-0017	10000	1318	1e-06	1e-06	100000	20	0.1318	36330	11868	16248	7706	0	0	0.028013033933362064
BTL-20921-NdnZ-0018	10000	700	1e-06	1e-06	100000	20	0.0701	53626	16716	15850	12302	0	0	0.009570968124542953
BTL-20921-NdnZ-0019	10000	394	1e-06	1e-06	100000	20	0.0395	29640	8643	14677	7652	0	0	0.06458966928802552
BTL-20921-NdnZ-0020	10000	545	1e-06	1e-06	100000	20	0.0546	72508	26104	32533	14759	0	0	0.04369813154173248
BTL-20921-NdnZ-0021	10000	1158	1e-06	1e-06	100000	20	0.1158	10129	5016	2689	2454	0	0	0.012000465380350983
BTL-20921-NdnZ-0022	10000	1792	1e-06	1e-06	100000	20	0.1792	72142	30570	33281	26320	0	0	0.01832372069478292
BTL-20921-NdnZ-0023	10000	1443	1e-06	1e-06	100000	20	0.1444	63199	19372	24796	26002	0	0	0.0005377151561903199
BTL-20921-NdnZ-0024	10000	902	1e-06	1e-06	100000	20	0.0902	82696	22054	34597	22980	0	0	0.004469053380668748
BTL-20921-NdnZ-0025	10000	489	1e-06	1e-06	100000	20	0.0489	19685	6484	9646	6139	0	0	0.015119429966836911
BTL-20921-NdnZ-0026	10000	1784	1e-06	1e-06	100000	20	0.1785	56071	15381	19441	18324	0	0	0.0010959946391735015
BTL-20921-NdnZ-0027	10000	1388	1e-06	1e-06	100000	20	0.1389	59607	15335	17327	26855	0	0	0.0026912679542487215
BTL-20921-NdnZ-0028	10000	1541	1e-06	1e-06	100000	20	0.1541	25055	8408	8729	5678	0	0	0.024453393919694564
BTL-20921-NdnZ-0029	10000	1859	1e-06	1e-06	100000	20	0.1860	50154	16713	20033	22184	0	0	0.000704081013043666
BTL-20921-NdnZ-0030	10000	1338	1e-06	1e-06	100000	20	0.1339	21758	10064	4839	10176	0	0	0.003951895308592662
BTL-20921-NdnZ-0031	10000	1551	1e-06	1e-06	100000	20	0.1551	55814	26477	21235	23959	0	0	0.02991343715407636
BTL-20921-NdnZ-0032	10000	702	1e-06	1e-06	100000	20	0.0703	13652	3969	2799	3325	0	0	0.008714316728896221
BTL-20921-NdnZ-0033	10000	1961	1e-06	1e-06	100000	20	0.1962	73790	30087	30087	20146	0	0	0.022251144107552953
BTL-20921-NdnZ-0034	10000	868	1e-06	1e-06	100000	20	0.0868	20311	7313	9927	7338	0	0	0.0028403166866593204
BTL-20921-NdnZ-0035	10000	486	1e-06	1e-06	100000	20	0.0487	34951	9383	10261	12530	0	0	0.0028738827865639133
BTL-20921-NdnZ-0036	10000	1206	1e-06	1e-06	100000	20	0.1207	33142	15303	15588	15314	0	0	0.00447856708623745
BTL-20921-NdnZ-0037	10000	1984	1e-06	1e-06	100000	20	0.1985	82805	30987	35648	34343	0	0	0.0046354065393387055
BTL-20921-NdnZ-0038	10000	1714	1e-06	1e-06	100000	20	0.1715	94738	27390	28084	29117	0	0	0.003297471647289299
BTL-20921-NdnZ-0039	10000	1396	1e-06	1e-06	100000	20	0.1396	27121	5765	11118	6855	0	0	0.0010921784046534378
BTL-20921-NdnZ-0040	10000	438	1e-06	1e-06	100000	20	0.0438	2254	527	479	850	0	0	0.0024308884828060204
BTL-20921-NdnZ-0041	10000	1783	1e-06	1e-06	100000	20	0.1784	49412	15496	22593	17746	0	0	0.0021695592137894485
BTL-20921-NdnZ-0042	10000	837	1e-06	1e-06	100000	20	0.0837	31829	15031	13031	15211	0	0	0.004724799670941309
BTL-20921-NdnZ-0043	10000	1640	1e-06	1e-06	100000	20	0.1640	23831	5267	8433	7620	0	0	0.0028765060809338733
BTL-20921-NdnZ-0044	10000	1165	1e-06	1e-06	100000	20	0.1166	26984	5799	9938	11533	0	0	0.0028603989388798104
BTL-20921-NdnZ-0045	10000	720	1e-06	1e-06	100000	20	0.0721	60301	13603	12249	28410	0	0	0.0036454793172027962
BTL-20921-NdnZ-0046	10000	1953	1e-06	1e-06	100000	20	0.1954	46247	14392	16632	9481	0	0	0.024154816482762662
BTL-20921-NdnZ-0047	10000	357	1e-06	1e-06	100000	20	0.0357	45112	18346	11206	15162	0	0	0.01703338052520813
BTL-20921-NdnZ-0048	10000	1312	1e-06	1e-06	100000	20	0.1313	46216	11057	14767	12858	0	0	0.000563755915270401
BTL-20921-NdnZ-0049	10000	251	1e-06	1e-06	100000	20	0.0251	48155	14410	13950	18641	0	0	0.0005939733767420346
BTL-20921-NdnZ-0050	10000	1124	1e-06	1e-06	100000	20	0.1124	4279	1586	1147	1400	0	0	0.00907369082842945
BTL-20921-NdnZ-0051	10000	542	1e-06	1e-06	100000	20	0.0542	66122	24279	19577	19963	0	0	0.08722191223947592
BTL-20921-NdnZ-0052	10000	469	1e-06	1e-06	100000	20	0.0470	24157	10483	11695	8151	0	0	0.04242000741898647
BTL-20921-NdnZ-0053	10000	1108	1e-06	1e-06	100000	20	0.1109	56284	22024	17670	26218	0	0	0.0033938795316434413
BTL-20921-NdnZ-0054	10000	1983	1e-06	1e-06	100000	20	0.1983	58593	26865	19346	16441	0	0	0.011425516861481654
BTL-20921-NdnZ-0055	10000	1488	1e-06	1e-06	100000	20	0.1488	23677	6895	10547	4884	0	0	0.004614144685612161
BTL-20921-NdnZ-0056	10000	1413	1e-06	1e-06	100000	20	0.1413	54729	19560	15063	19421	0	0	0.02370757717275895
BTL-20921-NdnZ-0057	10000	1306	1e-06	1e-06	100000	20	0.1307	13424	3984	6034	4025	0	0	0.003954311192357535
BTL-20921-NdnZ-0058	10000	1050	1e-06	1e-06	100000	20	0.1051	33365	9075	10091	15146	0	0	0.0010117918854402538
BTL-20921-NdnZ-0059	10000	765	1e-06	1e-06	100000	20	0.0765	68777	31380	17554	30945	0	0	0.031052723187988157
BTL-20921-NdnZ-0060	10000	1295	1e-06	1e-06	100000	20	0.1296	44047	17358	10713	21430	0	0	0.0016137412733055786
BTL-20921-NdnZ-0061	10000	755	1e-06	1e-06	100000	20	0.0755	71472	25750	32923	16778	0	0	0.025216541801864962
BTL-20921-NdnZ-0062	10000	693	1e-06	1e-06	100000	20	0.0694	35004	12231	10223	16102	0	0	0.0028227747578485475
BTL-20921-NdnZ-0063	10000	1216	1e-06	1e-06	100000	20	0.1217	35698	16349	12988	9372	0	0	0.00457044197431124
BTL-20921-NdnZ-0064	10000	742	1e-06	1e-06	100000	20	0.0743	96451	41527	36557	21209	0	0	0.02114561929454444
BTL-20921-NdnZ-0065	10000	823	1e-06	1e-06	100000	20	0.0823	84239	39743	25339	29867	0	0	0.03510554271040116
BTL-20921-NdnZ-0066	10000	231	1e-06	1e-06	100000	20	0.0231	64208	22820	29657	22344	0	0	0.14476766985592926
BTL-20921-NdnZ-0067	10000	527	1e-06	1e-06	100000	20	0.0527	76786	34177	35976	31945	0	0	0.014075076735054934
BTL-20921-NdnZ-0068	10000	420	1e-06	1e-06	100000	20	0.0420	22854	6393	6200	9621	0	0	0.0012312796858347493
BTL-20921-NdnZ-0069	10000	1325	1e-06	1e-06	100000	20	0.1325	16634	5477	7542	5958	0	0	0.0015705595802120707
BTL-20921-NdnZ-0070	10000	793	1e-06	1e-06	100000	20	0.0794	20055	5842	8962	5524	0	0	0.006648117239379172
BTL-20921-NdnZ-0071	10000	1579	1e-06	1e-06	100000	20	0.1580	88601	25920	27449	18989	0	0	0.014808954399484486
BTL-20921-NdnZ-0072	10000	1148	1e-06	1e-06	100000	20	0.1148	72621	23592	29627	17311	0	0	0.03513564231076172
BTL-20921-NdnZ-0073	10000	273	1e-06	1e-06	100000	20	0.0273	16398	3808	7674	7369	0	0	0.004689991313791454
BTL-20921-NdnZ-0074	10000	789	1e-06	1e-06	100000	20	0.0789	46637	13793	13934	15886	0	0	0.001838388667047451
BTL-20921-NdnZ-0075	10000	1333	1e-06	1e-06	100000	20	0.1333	93584	29535	30751	46441	0	0	0.004363132475640108
BTL-20921-NdnZ-0076	10000	1394	1e-06	1e-06	100000	20	0.1395	68910	31329	26502	26378	0	0	0.033246901102977615
BTL-20921-NdnZ-0077	10000	880	1e-06	1e-06	100000	20	0.0881	14095	6703	2989	5496	0	0	0.02640101897244504
BTL-20921-NdnZ-0078	10000	442	1e-06	1e-06	100000	20	0.0443	58877	25180	12513	14905	0	0	0.044345716478561996
BTL-20921-NdnZ-0079	10000	1285	1e-06	1e-06	100000	20	0.1286	6378	2890	2005	1851	0	0	0.012583172778284472
BTL-20921-NdnZ-0080	10000	1558	1e-06	1e-06	100000	20	0.1558	97290	31921	37416	27149	0	0	0.028817830987288285
BTL-20921-NdnZ-0081	10000	1579	1e-06	1e-06	100000	20	0.1580	63689	15039	13309	23232	0	0	0.004618836007480016
BTL-20921-NdnZ-0082	10000	215	1e-06	1e-06	100000	20	0.0216	53628	20501	23396	22436	0	0	0.002803353891685046
BTL-20921-NdnZ-0083	10000	1047	1e-06	1e-06	100000	20	0.1048	58625	13028	27559	24962	0	0	0.0005898339781546712
BTL-20921-NdnZ-0084	10000	1768	1e-06	1e-06	100000	20	0.1768	30669	13072	9377	14316	0	0	0.0037341521367170033
BTL-20921-NdnZ-0085	10000	861	1e-06	1e-06	100000	20	0.0862	16898	4978	6022	5771	0	0	0.0021506304335114144
BTL-20921-NdnZ-0086	10000	697	1e-06	1e-06	100000	20	0.0698	16495	5316	4918	8030	0	0	0.002976536277224801
BTL-20921-NdnZ-0087	10000	1062	1e-06	1e-06	100000	20	0.1062	86518	38084	17320	42457	0	0	0.004667302485705528
BTL-20921-NdnZ-0088	10000	516	1e-06	1e-06	100000	20	0.0517	91325	36285	39488	27080	0	0	0.07893394099833659
BTL-20921-NdnZ-0089	10000	992	1e-06	1e-06	100000	20	0.0993	91226	19585	36465	21576	0	0	0.004962354295145979
BTL-20921-NdnZ-0090	10000	1066	1e-06	1e-06	100000	20	0.1066	28785	7185	13709	7602	0	0	0.0041525763324880335
BTL-20921-NdnZ-0091	10000	617	1e-06	1e-06	100000	20	0.0617	4444	1332	1078	1763	0	0	0.0006529495440508649
BTL-20921-NdnZ-0092	10000	1632	1e-06	1e-06	100000	20	0.1633	2624	1045	1305	1088	0	0	0.001347290221983046
BTL-20921-NdnZ-0093	10000	1750	1e-06	1e-06	100000	20	0.1750	84943	28719	35303	30941	0	0	0.004896988266514742
BTL-20921-NdnZ-0094	10000	1150	1e-06	1e-06	100000	20	0.1150	5967	1657	1295	2457	0	0	0.004719405794180421
BTL-20921-NdnZ-0095	10000	1020	1e-06	1e-06	100000	20	0.1021	5670	1771	2088	1169	0	0	0.029153192710163072
BTL-20921-NdnZ-0096	10000	1702	1e-06	1e-06	100000	20	0.1703	37972	9541	13849	17328	0	0	0.0007240734050308774
BTL-20921-NdnZ-0097	10000	1200	1e-06	1e-06	100000	20	0.1200	86212	31598	33782	29101	0	0	0.03295217132158594
BTL-20921-NdnZ-0098	10000	1150	1e-06	1e-06	100000	20	0.1151	9902	2832	3422	4732	0	0	0.000592012802038517
BTL-20921-NdnZ-0099	10000	1183	1e-06	1e-06	100000	20	0.1184	7325	1792	2916	2555	0	0	0.004136060434538298
BTL-20921-NdnZ-0100	10000	815	1e-06	1e-06	100000	20	0.0816	52518	11733	23078	25794	0	0	0.002326557308833711
CST-20921-k6tT-0001	10000	10000	1e-06	1e-06	100000	20	1.0000	37018	12044	11933	14751	0	0	0.0017706383233838372
CST-20921-k6tT-0002	10000	10000	1e-06	1e-06	100000	20	1.0000	27170	6912	6706	5773	0	0	0.0022785379166911325
CST-20921-k6tT-0003	10000	10000	1e-06	1e-06	100000	20	1.0000	58880	12570	16784	12870	0	0	0.002313580389726128
CST-20921-k6tT-0004	10000	10000	1e-06	1e-06	100000	20	1.0000	62912	23200	29526	17430	0	0	0.001614152543172184
CST-20921-k6tT-0005	10000	10000	1e-06	1e-06	100000	20	1.0000	52524	20992	22928	23541	0	0	0.0021518866395232633
CST-20921-k6tT-0006	10000	10000	1e-06	1e-06	100000	20	1.0000	98646	26478	44927	46803	0	0	0.004159119620787348
CST-20921-k6tT-0007	10000	10000	1e-06	1e-06	100000	20	1.0000	27048	9094	5807	12991	0	0	0.004054478191176961
CST-20921-k6tT-0008	10000	10000	1e-06	1e-06	100000	20	1.0000	31073	6732	12980	15455	0	0	0.004368476670742702
CST-20921-k6tT-0009	10000	10000	1e-06	1e-06	100000	20	1.0000	94349	27241	38333	30494	0	0	0.004953971719802746
CST-20921-k6tT-0010	10000	10000	1e-06	1e-06	100000	20	1.0000	91113	18796	32732	27676	0	0	0.004168246450922572
CST-20921-k6tT-0011	10000	10000	1e-06	1e-06	100000	20	1.0000	89591	31901	21568	26853	0	0	0.004410665184039971
CST-20921-k6tT-0012	10000	10000	1e-06	1e-06	100000	20	1.0000	17003	5032	4950	6874	0	0	0.0035027751256366444
CST-20921-k6tT-0013	10000	10000	1e-06	1e-06	100000	20	1.0000	9904	2626	3818	3439	0	0	0.0024109055324690455
CST-20921-k6tT-0014	10000	10000	1e-06	1e-06	100000	20	1.0000	33463	7427	9491	11126	0	0	0.0024345396997688504
CST-20921-k6tT-0015	10000	10000	1e-06	1e-06	100000	20	1.0000	51029	17057	11822	24512	0	0	0.0028960325075359835
CST-20921-k6tT-0016	10000	10000	1e-06	1e-06	100000	20	1.0000	94490	45076	31144	29427	0	0	0.0038015738785913164
CST-20921-k6tT-0017	10000	10000	1e-06	1e-06	100000	20	1.0000	90822	18667	32084	32860	0	0	0.002116799552791354
CST-20921-k6tT-0018	10000	10000	1e-06	1e-06	100000	20	1.0000	83562	21856	30170	29034	0	0	0.00245517925715051
CST-20921-k6tT-0019	10000	10000	1e-06	1e-06	100000	20	1.0000	79850	33156	16141	18474	0	0	0.00423146140174897
CST-20921-k6tT-0020	10000	10000	1e-06	1e-06	100000	20	1.0000	63800	13196	16749	23158	0	0	0.0037356794900623895
CST-20921-k6tT-0021	10000	10000	1e-06	1e-06	100000	20	1.0000	14113	6808	3982	6703	0	0	0.004214216393508142
CST-20921-k6tT-0022	10000	10000	1e-06	1e-06	100000	20	1.0000	47162	18958	12505	13068	0	0	0.0030011322579347527
CST-20921-k6tT-0023	10000	10000	1e-06	1e-06	100000	20	1.0000	38560	9660	11819	9643	0	0	0.004643495999751476
CST-20921-k6tT-0024	10000	10000	1e-06	1e-06	100000	20	1.0000	80949	18444	39929	17726	0	0	0.0036270984169922927
CST-20921-k6tT-0025	10000	10000	1e-06	1e-06	100000	20	1.0000	56239	18599	14417	26375	0	0	0.0011172344530409454
CST-20921-k6tT-0026	10000	10000	1e-06	1e-06	100000	20	1.0000	29337	14127	11672	9805	0	0	0.003976133901601377
CST-20921-k6tT-0027	10000	10000	1e-06	1e-06	100000	20	1.0000	54138	24666	18678	18306	0	0	0.004907898082956488
CST-20921-k6tT-0028	10000	10000	1e-06	1e-06	100000	20	1.0000	57314	21034	22103	25985	0	0	0.0026901551559659043
CST-20921-k6tT-0029	10000	10000	1e-06	1e-06	100000	20	1.0000	29707	9757	7602	14362	0	0	0.0021703788938976266
CST-20921-k6tT-0030	10000	10000	1e-06	1e-06	100000	20	1.0000	83916	36927	37383	32439	0	0	0.0021711304409656345
CST-20921-k6tT-0031	10000	10000	1e-06	1e-06	100000	20	1.0000	68540	17190	17529	23536	0	0	0.0005821667707874009
CST-20921-k6tT-0032	10000	10000	1e-06	1e-06	100000	20	1.0000	14625	7268	4932	6560	0	0	0.0032856319074297674
CST-20921-k6tT-0033	10000	10000	1e-06	1e-06	100000	20	1.0000	21675	10141	9343	4831	0	0	0.0029707657362309093
CST-20921-k6tT-0034	10000	10000	1e-06	1e-06	100000	20	1.0000	84701	34151	39595	23142	0	0	0.0029032434570014478
CST-20921-k6tT-0035	10000	10000	1e-06	1e-06	100000	20	1.0000	86282	36643	24293	40108	0	0	0.002708221313384714
CST-20921-k6tT-0036	10000	10000	1e-06	1e-06	100000	20	1.0000	48225	17277	20163	11922	0	0	0.0035833824880444724
CST-20921-k6tT-0037	10000	10000	1e-06	1e-06	100000	20	1.0000	73342	30335	24012	30605	0	0	0.004647756074814069
CST-20921-k6tT-0038	10000	10000	1e-06	1e-06	100000	20	1.0000	25549	8082	6572	12715	0	0	0.003594649488269151
CST-20921-k6tT-0039	10000	10000	1e-06	1e-06	100000	20	1.0000	14166	3623	6129	4715	0	0	0.00240055978091962
CST-20921-k6tT-0040	10000	10000	1e-06	1e-06	100000	20	1.0000	17136	8388	4543	5626	0	0	0.0026698115004913934
CST-20921-k6tT-0041	10000	10000	1e-06	1e-06	100000	20	1.0000	87050	23237	26090	34258	0	0	0.0020964188187203893
CST-20921-k6tT-0042	10000	10000	1e-06	1e-06	100000	20	1.0000	71969	31740	16039	30685	0	0	0.004882290416247359
CST-20921-k6tT-0043	10000	10000	1e-06	1e-06	100000	20	1.0000	82079	17210	17560	25314	0	0	0.002351047839405352
CST-20921-k6tT-0044	10000	10000	1e-06	1e-06	100000	20	1.0000	60901	19172	28165	28958	0	0	0.001680362884581036
CST-20921-k6tT-0045	10000	10000	1e-06	1e-06	100000	20	1.0000	94666	38256	27467	27185	0	0	0.0029721112940784386
CST-20921-k6tT-0046	10000	10000	1e-06	1e-06	100000	20	1.0000	29707	8123	5947	11154	0	0	0.003233333735896255
CST-20921-k6tT-0047	10000	10000	1e-06	1e-06	100000	20	1.0000	40705	19524	10368	9869	0	0	0.004385869170159853
CST-20921-k6tT-0048	10000	10000	1e-06	1e-06	100000	20	1.0000	35967	8826	15383	17445	0	0	0.002020247959991125
CST-20921-k6tT-0049	10000	10000	1e-06	1e-06	100000	20	1.0000	25263	9012	7031	6928	0	0	0.0031845046009378445
CST-20921-k6tT-0050	10000	10000	1e-06	1e-06	100000	20	1.0000	91554	32045	24781	43739	0	0	0.004496071033959353
CST-20921-k6tT-0051	10000	10000	1e-06	1e-06	100000	20	1.0000	84105	28093	23710	41351	0	0	0.004746760833261583
CST-20921-k6tT-0052	10000	10000	1e-06	1e-06	100000	20	1.0000	29492	10760	6851	6166	0	0	0.0024084622038540874
CST-20921-k6tT-0053	10000	10000	1e-06	1e-06	100000	20	1.0000	34270	13439	8736	13773	0	0	0.004852295579489479
CST-20921-k6tT-0054	10000	10000	1e-06	1e-06	100000	20	1.0000	43940	9683	18420	12631	0	0	0.003441183360978738
CST-20921-k6tT-0055	10000	10000	1e-06	1e-06	100000	20	1.0000	22110	8326	5352	9108	0	0	0.0044044679027976045
CST-20921-k6tT-0056	10000	10000	1e-06	1e-06	100000	20	1.0000	50420	11907	17641	22512	0	0	0.004727917805167063
CST-20921-k6tT-0057	10000	10000	1e-06	1e-06	100000	20	1.0000	88107	23916	33416	37209	0	0	0.002937836473596581
CST-20921-k6tT-0058	10000	10000	1e-06	1e-06	100000	20	1.0000	76603	17771	27112	23097	0	0	0.00422375191017754
CST-20921-k6tT-0059	10000	10000	1e-06	1e-06	100000	20	1.0000	67193	18910	24610	19050	0	0	0.00332811952644038
CST-20921-k6tT-0060	10000	10000	1e-06	1e-06	100000	20	1.0000	28499	10422	12850	7740	0	0	0.001980596487045449
CST-20921-k6tT-0061	10000	10000	1e-06	1e-06	100000	20	1.0000	13333	5076	2854	3145	0	0	0.0035226024379815756
CST-20921-k6tT-0062	10000	10000	1e-06	1e-06	100000	20	1.0000	86257	36336	42850	18400	0	0	0.0045094923812298545
CST-20921-k6tT-0063	10000	10000	1e-06	1e-06	100000	20	1.0000	63638	13515	15922	13826	0	0	0.004126648471900763
CST-20921-k6tT-0064	10000	10000	1e-06	1e-06	100000	20	1.0000	44316	21343	9351	21505	0	0	0.0047825148976407906
CST-20921-k6tT-0065	10000	10000	1e-06	1e-06	100000	20	1.0000	35129	7215	10963	13170	0	0	0.0008372644266108682
CST-20921-k6tT-0066	10000	10000	1e-06	1e-06	100000	20	1.0000	30241	11523	11348	8798	0	0	0.004866736616481385
CST-20921-k6tT-0067	10000	10000	1e-06	1e-06	100000	20	1.0000	88439	27204	37678	18793	0	0	0.0024446901551027525
CST-20921-k6tT-0068	10000	10000	1e-06	1e-06	100000	20	1.0000	50917	14950	12881	21105	0	0	0.004549328193195127
CST-20921-k6tT-0069	10000	10000	1e-06	1e-06	100000	20	1.0000	44394	19626	21037	12346	0	0	0.002065164205319359
CST-20921-k6tT-0070	10000	10000	1e-06	1e-06	100000	20	1.0000	95072	23289	23202	40453	0	0	0.0033343029751099237
CST-20921-k6tT-0071	10000	10000	1e-06	1e-06	100000	20	1.0000	56009	22992	11751	14032	0	0	0.0014128061237595087
CST-20921-k6tT-0072	10000	10000	1e-06	1e-06	100000	20	1.0000	73297	36347	24290	30390	0	0	0.0006067053298565376
CST-20921-k6tT-0073	10000	10000	1e-06	1e-06	100000	20	1.0000	89994	23711	30476	36672	0	0	0.0043406722415260685
CST-20921-k6tT-0074	10000	10000	1e-06	1e-06	100000	20	1.0000	26387	6887	10932	6762	0	0	0.001621667094746597
CST-20921-k6tT-0075	10000	10000	1e-06	1e-06	100000	20	1.0000	36824	11827	12297	8452	0	0	0.0038814706187507014
CST-20921-k6tT-0076	10000	10000	1e-06	1e-06	100000	20	1.0000	93165	41346	42529	36303	0	0	0.0025500162521992597
CST-20921-k6tT-0077	10000	10000	1e-06	1e-06	100000	20	1.0000	95962	25087	23905	43471	0	0	0.001446036937563773
CST-20921-k6tT-0078	10000	10000	1e-06	1e-06	100000	20	1.0000	67711	24100	18089	25266	0	0	0.00492755325170128
CST-20921-k6tT-0079	10000	10000	1e-06	1e-06	100000	20	1.0000	46241	19345	14380	14956	0	0	0.0016419041411333704
CST-20921-k6tT-0080	10000	10000	1e-06	1e-06	100000	20	1.0000	17590	6298	6389	8490	0	0	0.003154871041555213
CST-20921-k6tT-0081	10000	10000	1e-06	1e-06	100000	20	1.0000	69561	30557	24126	34455	0	0	0.003517582077869429
CST-20921-k6tT-0082	10000	10000	1e-06	1e-06	100000	20	1.0000	12895	3956	5717	3491	0	0	0.0041247742173408965
CST-20921-k6tT-0083	10000	10000	1e-06	1e-06	100000	20	1.0000	84659	41761	18004	19191	0	0	0.0040997439562360655
CST-20921-k6tT-0084	10000	10000	1e-06	1e-06	100000	20	1.0000	46362	20669	20231	17526	0	0	0.003505615398775403
CST-20921-k6tT-0085	10000	10000	1e-06	1e-06	100000	20	1.0000	81078	22135	38552	21071	0	0	0.0031879669778275806
CST-20921-k6tT-0086	10000	10000	1e-06	1e-06	100000	20	1.0000	8955	3833	3392	3846	0	0	0.0021135572682890198
CST-20921-k6tT-0087	10000	10000	1e-06	1e-06	100000	20	1.0000	27566	6491	7644	12961	0	0	0.003886748425257228
CST-20921-k6tT-0088	10000	10000	1e-06	1e-06	100000	20	1.0000	94556	42296	28832	36236	0	0	0.004656314793059623
CST-20921-k6tT-0089	10000	10000	1e-06	1e-06	100000	20	1.0000	43555	11542	15453	9344	0	0	0.0048482168847937684
CST-20921-k6tT-0090	10000	10000	1e-06	1e-06	100000	20	1.0000	38204	15467	10775	14151	0	0	0.003036204561112711
CST-20921-k6tT-0091	10000	10000	1e-06	1e-06	100000	20	1.0000	26074	11565	8674	8709	0	0	0.0018504605078878697
CST-20921-k6tT-0092	10000	10000	1e-06	1e-06	100000	20	1.0000	30599	10969	8473	10701	0	0	0.0023531309387833277
CST-20921-k6tT-0093	10000	10000	1e-06	1e-06	100000	20	1.0000	14997	6926	5093	3457	0	0	0.004556732555856953
CST-20921-k6tT-0094	10000	10000	1e-06	1e-06	100000	20	1.0000	79423	37235	19534	18488	0	0	0.0031999282777342604
CST-20921-k6tT-0095	10000	10000	1e-06	1e-06	100000	20	1.0000	95511	19806	39949	21292	0	0	0.002343389811638177
CST-20921-k6tT-0096	10000	10000	1e-06	1e-06	100000	20	1.0000	51324	18078	15871	21655	0	0	0.001662362137142943
CST-20921-k6tT-0097	10000	10000	1e-06	1e-06	100000	20	1.0000	66986	29171	31290	20484	0	0	0.0039712131567369215
CST-20921-k6tT-0098	10000	10000	1e-06	1e-06	100000	20	1.0000	78250	37879	33718	30879	0	0	0.0037120282155510475
CST-20921-k6tT-0099	10000	10000	1e-06	1e-06	100000	20	1.0000	78904	27137	22345	28787	0	0	0.001510640303781523
CST-20921-k6tT-0100	10000	10000	1e-06	1e-06	100000	20	1.0000	78688	17350	20095	30719	0	0	0.0023494185819333876
EXP-20921-sJpP-0001	221	10000	1e-06	1e-06	100000	20	45.1584	102	36	33	50	0	0	0.15815268455345635
EXP-20921-sJpP-0002	1276	10000	1e-06	1e-06	100000	20	7.8328	6997	1742	2971	3243	0	0	0.02219228513500821
EXP-20921-sJpP-0003	368	10000	1e-06	1e-06	100000	20	27.1700	447	89	94	207	0	0	0.13571824088397294
EXP-20921-sJpP-0004	717	10000	1e-06	1e-06	100000	20	13.9302	4735	990	1081	1492	0	0	0.03793714157849633
EXP-20921-sJpP-0005	1174	10000	1e-06	1e-06	100000	20	8.5139	8584	1773	2592	2495	0	0	0.006136607140354642
EXP-20921-sJpP-0006	1829	10000	1e-06	1e-06	100000	20	5.4649	11261	4261	4375	4456	0	0	0.01701884120639709
EXP-20921-sJpP-0007	1435	10000	1e-06	1e-06	100000	20	6.9660	2648	759	1187	1035	0	0	0.02519152090576649
EXP-20921-sJpP-0008	1805	10000	1e-06	1e-06	100000	20	5.5395	7738	3318	1727	2160	0	0	0.004470233530969604
EXP-20921-sJpP-0009	1446	10000	1e-06	1e-06	100000	20	6.9129	6704	2208	1696	2296	0	0	0.004132465285672282
EXP-20921-sJpP-0010	1813	10000	1e-06	1e-06	100000	20	5.5131	3152	1226	806	1286	0	0	0.013824918134823715
EXP-20921-sJpP-0011	784	10000	1e-06	1e-06	100000	20	12.7549	6579	1982	2202	2065	0	0	0.04431704746031356
EXP-20921-sJpP-0012	1942	10000	1e-06	1e-06	100000	20	5.1468	9352	1974	4208	2602	0	0	0.004343163019487509
EXP-20921-sJpP-0013	1182	10000	1e-06	1e-06	100000	20	8.4559	7303	3279	3269	2963	0	0	0.0032702021375923727
EXP-20921-sJpP-0014	852	10000	1e-06	1e-06	100000	20	11.7305	4495	1481	1059	1818	0	0	0.03519452750410456
EXP-20921-sJpP-0015	1839	10000	1e-06	1e-06	100000	20	5.4373	10605	4197	2933	4676	0	0	0.005878771016929725
EXP-20921-sJpP-0016	464	10000	1e-06	1e-06	100000	20	21.5186	2488	569	842	905	0	0	0.08410246407375183
EXP-20921-sJpP-0017	1432	10000	1e-06	1e-06	100000	20	6.9820	6045	2216	2615	3002	0	0	0.0085085266703757
EXP-20921-sJpP-0018	328	10000	1e-06	1e-06	100000	20	30.4476	2295	1077	1011	1145	0	0	0.022321902042856053
EXP-20921-sJpP-0019	696	10000	1e-06	1e-06	100000	20	14.3523	5611	1201	2699	1371	0	0	0.06842256696357676
EXP-20921-sJpP-0020	712	10000	1e-06	1e-06	100000	20	14.0322	4513	1016	1917	1679	0	0	0.0630540696663236
EXP-20921-sJpP-0021	678	10000	1e-06	1e-06	100000	20	14.7367	3156	727	680	1233	0	0	0.012888733599912702
EXP-20921-sJpP-0022	843	10000	1e-06	1e-06	100000	20	11.8618	903	360	362	394	0	0	0.057579745374655815
EXP-20921-sJpP-0023	1142	10000	1e-06	1e-06	100000	20	8.7562	5282	1410	2118	1807	0	0	0.016475590936209747
EXP-20921-sJpP-0024	1427	10000	1e-06	1e-06	100000	20	7.0042	8345	1708	1839	3810	0	0	0.016747698248845436
EXP-20921-sJpP-0025	1280	10000	1e-06	1e-06	100000	20	7.8087	1740	486	732	776	0	0	0.017512308552951834
EXP-20921-sJpP-0026	904	10000	1e-06	1e-06	100000	20	11.0511	7116	1495	1486	3550	0	0	0.033527586218744805
EXP-20921-sJpP-0027	1701	10000	1e-06	1e-06	100000	20	5.8782	12407	5013	2749	3312	0	0	0.0026229919353985883
EXP-20921-sJpP-0028	951	10000	1e-06	1e-06	100000	20	10.5048	5673	2783	1546	2015	0	0	0.004751793505164187
EXP-20921-sJpP-0029	928	10000	1e-06	1e-06	100000	20	10.7673	3834	857	894	1545	0	0	0.020826673672192975
EXP-20921-sJpP-0030	1108	10000	1e-06	1e-06	100000	20	9.0220	2500	515	641	643	0	0	0.015466303625070496
EXP-20921-sJpP-0031	382	10000	1e-06	1e-06	100000	20	26.1155	3679	1178	1705	1314	0	0	0.06059541934640013
EXP-20921-sJpP-0032	940	10000	1e-06	1e-06	100000	20	10.6349	3070	804	722	843	0	0	0.03369409562296962
EXP-20921-sJpP-0033	1102	10000	1e-06	1e-06	100000	20	9.0680	3497	1127	821	1635	0	0	0.016217710567441722
EXP-20921-sJpP-0034	286	10000	1e-06	1e-06	100000	20	34.9384	886	279	214	439	0	0	0.09778072321751657
EXP-20921-sJpP-0035	1106	10000	1e-06	1e-06	100000	20	9.0409	9561	2382	2935	1952	0	0	0.0039008121370620037
EXP-20921-sJpP-0036	1474	10000	1e-06	1e-06	100000	20	6.7805	4340	1467	1563	1739	0	0	0.014090899961965015
EXP-20921-sJpP-0037	932	10000	1e-06	1e-06	100000	20	10.7291	8011	3232	3627	3417	0	0	0.04663975320317734
EXP-20921-sJpP-0038	1751	10000	1e-06	1e-06	100000	20	5.7095	14607	4468	5241	6917	0	0	0.016706808374404348
EXP-20921-sJpP-0039	1669	10000	1e-06	1e-06	100000	20	5.9909	2060	491	474	496	0	0	0.015678820566455375
EXP-20921-sJpP-0040	1490	10000	1e-06	1e-06	100000	20	6.7084	5598	1534	1262	2597	0	0	0.008007084790346971
EXP-20921-sJpP-0041	1161	10000	1e-06	1e-06	100000	20	8.6065	4838	1634	987	2209	0	0	0.030390415737522936
EXP-20921-sJpP-0042	1028	10000	1e-06	1e-06	100000	20	9.7258	9059	3369	1815	4469	0	0	0.03581057874112681
EXP-20921-sJpP-0043	1967	10000	1e-06	1e-06	100000	20	5.0836	14070	4003	2818	5700	0	0	0.0167094427739525
EXP-20921-sJpP-0044	1557	10000	1e-06	1e-06	100000	20	6.4213	12858	6076	5654	5548	0	0	0.002975292695919775
EXP-20921-sJpP-0045	1095	10000	1e-06	1e-06	100000	20	9.1282	6813	1774	3224	2741	0	0	0.0089130396614848
EXP-20921-sJpP-0046	713	10000	1e-06	1e-06	100000	20	14.0218	1065	351	456	493	0	0	0.0465489458607762
EXP-20921-sJpP-0047	1993	10000	1e-06	1e-06	100000	20	5.0170	15683	5801	7299	6878	0	0	0.013493649477693711
EXP-20921-sJpP-0048	1561	10000	1e-06	1e-06	100000	20	6.4056	13018	3301	3907	2649	0	0	0.004215937718218584
EXP-20921-sJpP-0049	1851	10000	1e-06	1e-06	100000	20	5.3998	14117	3360	3328	7050	0	0	0.016865838827731273
EXP-20921-sJpP-0050	1392	10000	1e-06	1e-06	100000	20	7.1798	2716	1139	1067	1311	0	0	0.016119670446807535
EXP-20921-sJpP-0051	423	10000	1e-06	1e-06	100000	20	23.6277	2824	603	1245	986	0	0	0.06886997720833951
EXP-20921-sJpP-0052	997	10000	1e-06	1e-06	100000	20	10.0280	6149	1472	1433	2503	0	0	0.02005504397847027
EXP-20921-sJpP-0053	1234	10000	1e-06	1e-06	100000	20	8.1037	5753	1461	2630	2308	0	0	0.0371360231477412
EXP-20921-sJpP-0054	1832	10000	1e-06	1e-06	100000	20	5.4566	18308	8896	4036	7980	0	0	0.0032871964711524483
EXP-20921-sJpP-0055	355	10000	1e-06	1e-06	100000	20	28.1662	2654	580	799	1156	0	0	0.09305767026394648
EXP-20921-sJpP-0056	1321	10000	1e-06	1e-06	100000	20	7.5680	12578	4189	4931	3678	0	0	0.002811577103725848
EXP-20921-sJpP-0057	916	10000	1e-06	1e-06	100000	20	10.9105	2821	801	762	1282	0	0	0.04525699368244577
EXP-20921-sJpP-0058	1369	10000	1e-06	1e-06	100000	20	7.3038	8910	2460	4343	3711	0	0	0.00836028649064009
EXP-20921-sJpP-0059	597	10000	1e-06	1e-06	100000	20	16.7336	3849	1569	1603	1687	0	0	0.05773154308052099
EXP-20921-sJpP-0060	1475	10000	1e-06	1e-06	100000	20	6.7765	7808	2679	1610	3596	0	0	0.022675273009049517
EXP-20921-sJpP-0061	645	10000	1e-06	1e-06	100000	20	15.4909	1225	310	343	353	0	0	0.06837080889244727
EXP-20921-sJpP-0062	1620	10000	1e-06	1e-06	100000	20	6.1708	7938	1916	3523	2849	0	0	0.02437601575076302
EXP-20921-sJpP-0063	1497	10000	1e-06	1e-06	100000	20	6.6778	10405	2109	3196	4226	0	0	0.016144140101199626
EXP-20921-sJpP-0064	880	10000	1e-06	1e-06	100000	20	11.3581	5480	2647	1272	2234	0	0	0.004810832354651742
EXP-20921-sJpP-0065	1371	10000	1e-06	1e-06	100000	20	7.2906	8543	3941	2579	2981	0	0	0.004956857558630268
EXP-20921-sJpP-0066	1052	10000	1e-06	1e-06	100000	20	9.4996	7447	1749	2538	2513	0	0	0.015637419152948716
EXP-20921-sJpP-0067	685	10000	1e-06	1e-06	100000	20	14.5941	6141	1510	2976	2247	0	0	0.022904836682657914
EXP-20921-sJpP-0068	430	10000	1e-06	1e-06	100000	20	23.2481	1338	287	399	557	0	0	0.037449345873490254
EXP-20921-sJpP-0069	1731	10000	1e-06	1e-06	100000	20	5.7757	5079	1213	2137	2500	0	0	0.011384835511322867
EXP-20921-sJpP-0070	729	10000	1e-06	1e-06	100000	20	13.7164	4184	1411	930	1544	0	0	0.04796048323220419
EXP-20921-sJpP-0071	461	10000	1e-06	1e-06	100000	20	21.6713	3876	1362	1434	1867	0	0	0.09275910495759289
EXP-20921-sJpP-0072	1054	10000	1e-06	1e-06	100000	20	9.4809	7406	2314	2820	3269	0	0	0.020562908194895445
EXP-20921-sJpP-0073	1389	10000	1e-06	1e-06	100000	20	7.1986	13420	3624	6178	2761	0	0	0.004668670575267877
EXP-20921-sJpP-0074	1804	10000	1e-06	1e-06	100000	20	5.5432	16981	3933	7512	5771	0	0	0.013038436770914055
EXP-20921-sJpP-0075	914	10000	1e-06	1e-06	100000	20	10.9314	3336	769	1101	1386	0	0	0.011130727825097912
EXP-20921-sJpP-0076	385	10000	1e-06	1e-06	100000	20	25.9170	3101	888	804	1234	0	0	0.07285743962514338
EXP-20921-sJpP-0077	1365	10000	1e-06	1e-06	100000	20	7.3227	10676	4813	2473	3119	0	0	0.0030798141607824158
EXP-20921-sJpP-0078	969	10000	1e-06	1e-06	100000	20	10.3103	1275	579	518	620	0	0	0.02100746652001034
EXP-20921-sJpP-0079	856	10000	1e-06	1e-06	100000	20	11.6805	7865	1905	1601	2136	0	0	0.02986639542172601
EXP-20921-sJpP-0080	1299	10000	1e-06	1e-06	100000	20	7.6933	12330	4917	5043	4078	0	0	0.004799090520871491
EXP-20921-sJpP-0081	1423	10000	1e-06	1e-06	100000	20	7.0271	7630	2743	2341	2497	0	0	0.003024890047282138
EXP-20921-sJpP-0082	1415	10000	1e-06	1e-06	100000	20	7.0656	12721	4930	4294	3398	0	0	0.00487595114898313
EXP-20921-sJpP-0083	1471	10000	1e-06	1e-06	100000	20	6.7944	14008	4110	2926	6978	0	0	0.00924133081175589
EXP-20921-sJpP-0084	1379	10000	1e-06	1e-06	100000	20	7.2488	11536	2452	3487	3986	0	0	0.01841813939200199
EXP-20921-sJpP-0085	967	10000	1e-06	1e-06	100000	20	10.3340	1562	382	506	732	0	0	0.051401257043852934
EXP-20921-sJpP-0086	1441	10000	1e-06	1e-06	100000	20	6.9367	12180	3034	5497	3187	0	0	0.026085857936828973
EXP-20921-sJpP-0087	1577	10000	1e-06	1e-06	100000	20	6.3384	11056	2243	4790	3565	0	0	0.02973380987090689
EXP-20921-sJpP-0088	1289	10000	1e-06	1e-06	100000	20	7.7525	6153	1276	1264	1350	0	0	0.0105693498421185
EXP-20921-sJpP-0089	909	10000	1e-06	1e-06	100000	20	10.9907	5300	1665	1667	1758	0	0	0.053652481327258764
EXP-20921-sJpP-0090	1428	10000	1e-06	1e-06	100000	20	7.0016	13477	2724	3831	3000	0	0	0.005180384848905295
EXP-20921-sJpP-0091	1980	10000	1e-06	1e-06	100000	20	5.0498	5056	1072	2140	1550	0	0	0.01137998321944251
EXP-20921-sJpP-0092	1946	10000	1e-06	1e-06	100000	20	5.1367	16357	7882	4365	5169	0	0	0.0037255994968878403
EXP-20921-sJpP-0093	1652	10000	1e-06	1e-06	100000	20	6.0517	8277	1746	1950	3332	0	0	0.009948767587180126
EXP-20921-sJpP-0094	1361	10000	1e-06	1e-06	100000	20	7.3422	11053	4770	4634	5072	0	0	0.0096313867148435
EXP-20921-sJpP-0095	692	10000	1e-06	1e-06	100000	20	14.4438	3815	1160	830	1841	0	0	0.06774688942728706
EXP-20921-sJpP-0096	533	10000	1e-06	1e-06	100000	20	18.7385	4738	1024	1121	1314	0	0	0.048262455527803845
EXP-20921-sJpP-0097	1155	10000	1e-06	1e-06	100000	20	8.6519	6434	3206	2943	2605	0	0	0.0031237519674152587
EXP-20921-sJpP-0098	1299	10000	1e-06	1e-06	100000	20	7.6949	958	228	428	367	0	0	0.025271084768351607
EXP-20921-sJpP-0099	1751	10000	1e-06	1e-06	100000	20	5.7095	6733	2560	1689	2755	0	0	0.010182671622648028
EXP-20921-sJpP-0100	1955	10000	1e-06	1e-06	100000	20	5.1126	9851	4111	3314	3401	0	0	0.002274334729746807
MGB-20921-iO4u-0001	10000	1847	1e-06	1e-06	100000	20	0.1847	31235	12597	13007	15098	5e-06	2.7070925825663238e-05	0.0035742035607513544
MGB-20921-iO4u-0002	10000	1700	1e-06	1e-06	100000	20	0.1701	25779	11284	12887	10087	5e-06	2.9411764705882354e-05	0.029151320607443538
MGB-20921-iO4u-0003	10000	764	1e-06	1e-06	100000	20	0.0764	60845	25350	26597	15262	5e-06	6.544502617801048e-05	0.034432298156850706
MGB-20921-iO4u-0004	10000	1820	1e-06	1e-06	100000	20	0.1820	53600	10812	19890	24721	5e-06	2.7472527472527473e-05	0.0015849857092589002
MGB-20921-iO4u-0005	10000	1643	1e-06	1e-06	100000	20	0.1643	46150	11800	12579	14164	5e-06	3.043213633597079e-05	0.0027785084081753744
MGB-20921-iO4u-0006	10000	1791	1e-06	1e-06	100000	20	0.1792	7996	3928	3475	2269	5e-06	2.791736460078169e-05	0.006150886014594334
MGB-20921-iO4u-0007	10000	1226	1e-06	1e-06	100000	20	0.1227	63842	24045	17773	27835	5e-06	4.078303425774878e-05	0.0021899460318655717
MGB-20921-iO4u-0008	10000	1395	1e-06	1e-06	100000	20	0.1395	67163	19140	19401	25484	5e-06	3.5842293906810036e-05	0.0038363390856532135
MGB-20921-iO4u-0009	10000	1908	1e-06	1e-06	100000	20	0.1909	88941	25960	27262	22101	5e-06	2.6205450733752623e-05	0.003436565615364138
MGB-20921-iO4u-0010	10000	1816	1e-06	1e-06	100000	20	0.1817	26301	12799	12936	7123	5e-06	2.7533039647577094e-05	0.02437036807711259
MGB-20921-iO4u-0011	10000	1541	1e-06	1e-06	100000	20	0.1542	88714	31431	19514	34431	5e-06	3.2446463335496436e-05	0.0026573793249802533
MGB-20921-iO4u-0012	10000	356	1e-06	1e-06	100000	20	0.0357	47383	13663	10201	14511	5e-06	0.0001404494382022472	0.0033503217203972213
MGB-20921-iO4u-0013	10000	1218	1e-06	1e-06	100000	20	0.1219	59582	26146	12616	23836	5e-06	4.105090311986864e-05	0.01645054520227376
MGB-20921-iO4u-0014	10000	1070	1e-06	1e-06	100000	20	0.1070	33368	13532	10180	14228	5e-06	4.672897196261683e-05	0.004891647348572725
MGB-20921-iO4u-0015	10000	901	1e-06	1e-06	100000	20	0.0901	94290	29140	38641	45746	5e-06	5.549389567147614e-05	0.002264316107304282
MGB-20921-iO4u-0016	10000	1596	1e-06	1e-06	100000	20	0.1597	39950	19139	16598	15408	5e-06	3.132832080200501e-05	0.021994606836011715
MGB-20921-iO4u-0017	10000	1809	1e-06	1e-06	100000	20	0.1809	5858	2037	1588	1208	5e-06	2.763957987838585e-05	0.01974716811104442
MGB-20921-iO4u-0018	10000	677	1e-06	1e-06	100000	20	0.0677	19153	8761	7159	6562	5e-06	7.385524372230429e-05	0.02535972894283135
MGB-20921-iO4u-0019	10000	1140	1e-06	1e-06	100000	20	0.1141	58472	20079	16776	20055	5e-06	4.385964912280702e-05	0.00992136879827475
MGB-20921-iO4u-0020	10000	1687	1e-06	1e-06	100000	20	0.1687	50738	23393	13060	20567	5e-06	2.9638411381149973e-05	0.01138384896073872
MGB-20921-iO4u-0021	10000	993	1e-06	1e-06	100000	20	0.0994	78240	32469	35096	34743	5e-06	5.0352467270896274e-05	0.002361096118112579
MGB-20921-iO4u-0022	10000	551	1e-06	1e-06	100000	20	0.0552	21832	6342	5013	7976	5e-06	9.074410163339384e-05	0.004008065660720182
MGB-20921-iO4u-0023	10000	1510	1e-06	1e-06	100000	20	0.1511	97366	41556	39131	41959	5e-06	3.3112582781456954e-05	0.0043810740249516705
MGB-20921-iO4u-0024	10000	867	1e-06	1e-06	100000	20	0.0868	30909	12472	14261	12763	5e-06	5.7670126874279124e-05	0.003316691910389251
MGB-20921-iO4u-0025	10000	1866	1e-06	1e-06	100000	20	0.1866	93431	27449	32592	19373	5e-06	2.679528403001072e-05	0.025450931006620766
MGB-20921-iO4u-0026	10000	289	1e-06	1e-06	100000	20	0.0290	84967	25138	18757	40306	5e-06	0.0001730103806228374	0.003904492819771209
MGB-20921-iO4u-0027	10000	1607	1e-06	1e-06	100000	20	0.1608	15441	5827	7197	6108	5e-06	3.111387678904792e-05	0.0021465411595734257
MGB-20921-iO4u-0028	10000	1172	1e-06	1e-06	100000	20	0.1173	51288	16684	21470	12088	5e-06	4.266211604095563e-05	0.02325842918278813
MGB-20921-iO4u-0029	10000	1317	1e-06	1e-06	100000	20	0.1317	73005	23051	32676	36287	5e-06	3.7965072133637056e-05	0.0025351865885359084
MGB-20921-iO4u-0030	10000	1080	1e-06	1e-06	100000	20	0.1080	93123	44614	23190	39838	5e-06	4.62962962962963e-05	0.02254869742682757
MGB-20921-iO4u-0031	10000	1994	1e-06	1e-06	100000	20	0.1994	11549	4835	2668	2791	5e-06	2.5075225677031095e-05	0.0071053136908555215
MGB-20921-iO4u-0032	10000	423	1e-06	1e-06	100000	20	0.0423	69526	30921	18107	14426	5e-06	0.0001182033096926714	0.08117479981927364
MGB-20921-iO4u-0033	10000	707	1e-06	1e-06	100000	20	0.0707	96975	44805	20116	46361	5e-06	7.072135785007073e-05	0.004947131125275763
MGB-20921-iO4u-0034	10000	676	1e-06	1e-06	100000	20	0.0676	24422	9069	11875	5411	5e-06	7.396449704142012e-05	0.00894034365721734
MGB-20921-iO4u-0035	10000	401	1e-06	1e-06	100000	20	0.0401	79778	25056	19661	27254	5e-06	0.00012468827930174565	0.0034142789564827625
MGB-20921-iO4u-0036	10000	1375	1e-06	1e-06	100000	20	0.1376	92484	21226	31482	43505	5e-06	3.6363636363636364e-05	0.0014171291381745031
MGB-20921-iO4u-0037	10000	1167	1e-06	1e-06	100000	20	0.1168	63489	13809	20553	30351	5e-06	4.284490145672665e-05	0.000704260228876468
MGB-20921-iO4u-0038	10000	1845	1e-06	1e-06	100000	20	0.1846	42856	16192	16438	21338	5e-06	2.7100271002710027e-05	0.002326693448115007
MGB-20921-iO4u-0039	10000	1248	1e-06	1e-06	100000	20	0.1249	80693	25575	20869	33216	5e-06	4.0064102564102564e-05	0.0008546417587939306
MGB-20921-iO4u-0040	10000	1528	1e-06	1e-06	100000	20	0.1528	95031	43977	29282	41808	5e-06	3.272251308900524e-05	0.008021867696007356
MGB-20921-iO4u-0041	10000	1011	1e-06	1e-06	100000	20	0.1011	58146	17339	11690	17936	5e-06	4.945598417408507e-05	0.004791807972306629
MGB-20921-iO4u-0042	10000	1265	1e-06	1e-06	100000	20	0.1265	37770	7678	17139	11085	5e-06	3.9525691699604744e-05	0.004143072678642956
MGB-20921-iO4u-0043	10000	1623	1e-06	1e-06	100000	20	0.1623	86945	24272	18061	35007	5e-06	3.080714725816389e-05	0.0032200804405174083
MGB-20921-iO4u-0044	10000	1409	1e-06	1e-06	100000	20	0.1410	68172	16350	22337	14652	5e-06	3.5486160397445e-05	0.020167110865691822
MGB-20921-iO4u-0045	10000	348	1e-06	1e-06	100000	20	0.0348	72774	28157	30504	31918	5e-06	0.00014367816091954023	0.0016730602365186704
MGB-20921-iO4u-0046	10000	1707	1e-06	1e-06	100000	20	0.1708	20106	5158	5193	8521	5e-06	2.9291154071470417e-05	0.0018456525686026159
MGB-20921-iO4u-0047	10000	437	1e-06	1e-06	100000	20	0.0438	72283	27780	31548	25070	5e-06	0.00011441647597254005	0.03747577621390805
MGB-20921-iO4u-0048	10000	407	1e-06	1e-06	100000	20	0.0407	35714	13124	11756	8281	5e-06	0.00012285012285012285	0.017897681794985864
MGB-20921-iO4u-0049	10000	496	1e-06	1e-06	100000	20	0.0497	38805	10327	15397	14500	5e-06	0.00010080645161290323	0.004591931736590241
MGB-20921-iO4u-0050	10000	815	1e-06	1e-06	100000	20	0.0816	46451	15033	17583	10825	5e-06	6.134969325153375e-05	0.017316170744524045
MGB-20921-iO4u-0051	10000	808	1e-06	1e-06	100000	20	0.0808	73749	20706	33204	30133	5e-06	6.188118811881188e-05	0.0034743525440995853
MGB-20921-iO4u-0052	10000	827	1e-06	1e-06	100000	20	0.0828	29669	11826	14440	5972	5e-06	6.0459492140266024e-05	0.026661207401174655
MGB-20921-iO4u-0053	10000	1938	1e-06	1e-06	100000	20	0.1938	17982	3792	7184	7226	5e-06	2.579979360165119e-05	0.004369221713614728
MGB-20921-iO4u-0054	10000	278	1e-06	1e-06	100000	20	0.0279	96004	42178	33104	45560	5e-06	0.00017985611510791367	0.003698102287649263
MGB-20921-iO4u-0055	10000	1821	1e-06	1e-06	100000	20	0.1822	35782	17714	9238	7636	5e-06	2.7457440966501925e-05	0.010171087484945489
MGB-20921-iO4u-0056	10000	685	1e-06	1e-06	100000	20	0.0686	81096	40043	32593	32786	5e-06	7.299270072992701e-05	0.058621367861404
MGB-20921-iO4u-0057	10000	832	1e-06	1e-06	100000	20	0.0833	14121	3701	5327	4202	5e-06	6.009615384615385e-05	0.00275843160070716
MGB-20921-iO4u-0058	10000	1138	1e-06	1e-06	100000	20	0.1138	55722	22703	12475	20023	5e-06	4.393673110720563e-05	0.027885482413077964
MGB-20921-iO4u-0059	10000	470	1e-06	1e-06	100000	20	0.0470	53026	25690	16524	24611	5e-06	0.00010638297872340427	0.0441305248759583
MGB-20921-iO4u-0060	10000	1987	1e-06	1e-06	100000	20	0.1988	37383	16416	8743	11551	5e-06	2.5163563160543534e-05	0.014419409043957422
MGB-20921-iO4u-0061	10000	1288	1e-06	1e-06	100000	20	0.1289	9103	4094	2299	2301	5e-06	3.881987577639752e-05	0.019022286924403286
MGB-20921-iO4u-0062	10000	987	1e-06	1e-06	100000	20	0.0988	50587	19403	12061	24361	5e-06	5.065856129685917e-05	0.0010461126248024798
MGB-20921-iO4u-0063	10000	692	1e-06	1e-06	100000	20	0.0692	99958	43049	32241	31883	5e-06	7.225433526011561e-05	0.05541964047003601
MGB-20921-iO4u-0064	10000	1991	1e-06	1e-06	100000	20	0.1991	76067	23330	23978	15978	5e-06	2.5113008538422903e-05	0.009075414652229464
MGB-20921-iO4u-0065	10000	1672	1e-06	1e-06	100000	20	0.1672	77411	22822	35605	16242	5e-06	2.9904306220095695e-05	0.0074618126019958065
MGB-20921-iO4u-0066	10000	674	1e-06	1e-06	100000	20	0.0674	66208	25839	22462	15704	5e-06	7.418397626112761e-05	0.03179016848175164
MGB-20921-iO4u-0067	10000	545	1e-06	1e-06	100000	20	0.0546	91785	20572	36894	39764	5e-06	9.174311926605505e-05	0.0013908952259206594
MGB-20921-iO4u-0068	10000	709	1e-06	1e-06	100000	20	0.0710	55335	15987	22058	21425	5e-06	7.052186177715093e-05	0.0027470293514803776
MGB-20921-iO4u-0069	10000	1165	1e-06	1e-06	100000	20	0.1166	80561	38447	30642	31815	5e-06	4.291845493562232e-05	0.02715626007379925
MGB-20921-iO4u-0070	10000	820	1e-06	1e-06	100000	20	0.0820	58722	18593	15934	22246	5e-06	6.097560975609757e-05	0.0023658056426017994
MGB-20921-iO4u-0071	10000	1186	1e-06	1e-06	100000	20	0.1187	39338	15831	9468	9996	5e-06	4.215851602023609e-05	0.015358027502357601
MGB-20921-iO4u-0072	10000	338	1e-06	1e-06	100000	20	0.0339	93847	19276	43275	30365	5e-06	0.00014792899408284024	0.0014455167165232582
MGB-20921-iO4u-0073	10000	647	1e-06	1e-06	100000	20	0.0647	86846	36940	26991	19151	5e-06	7.727975270479135e-05	0.07312799720213968
MGB-20921-iO4u-0074	10000	790	1e-06	1e-06	100000	20	0.0790	58909	29356	17226	13756	5e-06	6.329113924050633e-05	0.02033313130711088
MGB-20921-iO4u-0075	10000	1267	1e-06	1e-06	100000	20	0.1267	30086	8323	7280	8921	5e-06	3.946329913180742e-05	0.0007310721399477035
MGB-20921-iO4u-0076	10000	679	1e-06	1e-06	100000	20	0.0679	55498	21481	19985	21989	5e-06	7.36377025036819e-05	0.0017351513579554605
MGB-20921-iO4u-0077	10000	1273	1e-06	1e-06	100000	20	0.1274	23308	6581	8936	6457	5e-06	3.927729772191674e-05	0.026846270934613826
MGB-20921-iO4u-0078	10000	736	1e-06	1e-06	100000	20	0.0736	63863	27291	28401	28504	5e-06	6.793478260869565e-05	0.0039408580865574715
MGB-20921-iO4u-0079	10000	1921	1e-06	1e-06	100000	20	0.1922	36420	11679	18144	14116	5e-06	2.6028110359187926e-05	0.004720799224651115
MGB-20921-iO4u-0080	10000	1288	1e-06	1e-06	100000	20	0.1288	83894	30630	36552	31104	5e-06	3.881987577639752e-05	0.0032577216668475124
MGB-20921-iO4u-0081	10000	1763	1e-06	1e-06	100000	20	0.1763	76550	22485	34775	36925	5e-06	2.8360748723766308e-05	0.0035709525152048194
MGB-20921-iO4u-0082	10000	1868	1e-06	1e-06	100000	20	0.1868	97110	40786	35308	43015	5e-06	2.676659528907923e-05	0.0008299956662677635
MGB-20921-iO4u-0083	10000	1942	1e-06	1e-06	100000	20	0.1942	35677	15538	13608	13940	5e-06	2.5746652935118435e-05	0.010653827246912795
MGB-20921-iO4u-0084	10000	613	1e-06	1e-06	100000	20	0.0613	16589	7046	4668	4267	5e-06	8.156606851549755e-05	0.06726152683545567
MGB-20921-iO4u-0085	10000	875	1e-06	1e-06	100000	20	0.0875	9755	2854	3845	3291	5e-06	5.714285714285715e-05	0.0010581646858422872
MGB-20921-iO4u-0086	10000	1780	1e-06	1e-06	100000	20	0.1781	87161	38989	32217	43248	5e-06	2.808988764044944e-05	0.0032374737105637843
MGB-20921-iO4u-0087	10000	1103	1e-06	1e-06	100000	20	0.1104	60332	16270	25160	13590	5e-06	4.533091568449683e-05	0.03726620072067533
MGB-20921-iO4u-0088	10000	1433	1e-06	1e-06	100000	20	0.1434	76198	21424	16049	16328	5e-06	3.4891835310537335e-05	0.009888676056814342
MGB-20921-iO4u-0089	10000	1408	1e-06	1e-06	100000	20	0.1408	54243	16645	25486	18760	5e-06	3.551136363636364e-05	0.0035884844953757307
MGB-20921-iO4u-0090	10000	1186	1e-06	1e-06	100000	20	0.1187	39743	9779	13095	8421	5e-06	4.215851602023609e-05	0.03237180295052089
MGB-20921-iO4u-0091	10000	1414	1e-06	1e-06	100000	20	0.1415	6493	3009	2582	3216	5e-06	3.5360678925035366e-05	0.003089224309510278
MGB-20921-iO4u-0092	10000	1653	1e-06	1e-06	100000	20	0.1653	95117	35913	35604	24323	5e-06	3.0248033877797946e-05	0.013801781646751056
MGB-20921-iO4u-0093	10000	1643	1e-06	1e-06	100000	20	0.1643	42301	8738	16189	13676	5e-06	3.043213633597079e-05	0.0037670479693154148
MGB-20921-iO4u-0094	10000	1731	1e-06	1e-06	100000	20	0.1732	63067	19100	14522	17575	5e-06	2.8885037550548817e-05	0.0062737607699141175
MGB-20921-iO4u-0095	10000	322	1e-06	1e-06	100000	20	0.0322	87610	37170	36587	18686	5e-06	0.00015527950310559007	0.09220311755965685
MGB-20921-iO4u-0096	10000	507	1e-06	1e-06	100000	20	0.0507	85221	41526	33955	42273	5e-06	9.861932938856017e-05	0.0021406794624136568
MGB-20921-iO4u-0097	10000	739	1e-06	1e-06	100000	20	0.0739	78977	18270	36088	21244	5e-06	6.765899864682003e-05	0.0032344349241384875
MGB-20921-iO4u-0098	10000	475	1e-06	1e-06	100000	20	0.0475	20852	8968	5922	8982	5e-06	0.00010526315789473685	0.00331456014072497
MGB-20921-iO4u-0099	10000	1511	1e-06	1e-06	100000	20	0.1511	61415	30124	14233	14329	5e-06	3.309066843150232e-05	0.017352731012754138
MGB-20921-iO4u-0100	10000	441	1e-06	1e-06	100000	20	0.0442	2033	660	649	812	5e-06	0.00011337868480725624	0.0023526097273596103
MGX-20921-I5Mv-0001	1229	10000	1e-06	1e-06	100000	20	8.1307	7011	1659	3170	3254	4.068348250610253e-05	5e-06	0.02627953455241638
MGX-20921-I5Mv-0002	562	10000	1e-06	1e-06	100000	20	17.7936	4388	1489	1759	2137	8.896797153024912e-05	5e-06	0.06987581209720604
MGX-20921-I5Mv-0003	1858	10000	1e-06	1e-06	100000	20	5.3802	8518	2888	4060	2376	2.691065662002153e-05	5e-06	0.004086931723970385
MGX-20921-I5Mv-0004	1002	10000	1e-06	1e-06	100000	20	9.9716	9167	3406	2304	2549	4.990019960079841e-05	5e-06	0.004066481382127813
MGX-20921-I5Mv-0005	1990	10000	1e-06	1e-06	100000	20	5.0239	6527	2870	1729	2181	2.5125628140703518e-05	5e-06	0.004701624870126842
MGX-20921-I5Mv-0006	358	10000	1e-06	1e-06	100000	20	27.9070	2046	452	710	859	0.00013966480446927376	5e-06	0.12308863341359358
MGX-20921-I5Mv-0007	551	10000	1e-06	1e-06	100000	20	18.1271	2371	859	890	1138	9.074410163339384e-05	5e-06	0.039267671017097494
MGX-20921-I5Mv-0008	515	10000	1e-06	1e-06	100000	20	19.4116	4310	1148	1918	1511	9.70873786407767e-05	5e-06	0.06359816844593501
MGX-20921-I5Mv-0009	554	10000	1e-06	1e-06	100000	20	18.0469	2033	561	644	809	9.025270758122745e-05	5e-06	0.020817540506245225
MGX-20921-I5Mv-0010	785	10000	1e-06	1e-06	100000	20	12.7230	7709	2720	2070	3466	6.369426751592357e-05	5e-06	0.05081338274872515
MGX-20921-I5Mv-0011	1201	10000	1e-06	1e-06	100000	20	8.3232	5621	1462	2486	1587	4.1631973355537055e-05	5e-06	0.030415218213023582
MGX-20921-I5Mv-0012	836	10000	1e-06	1e-06	100000	20	11.9484	8196	3783	1666	3595	5.980861244019139e-05	5e-06	0.002320312900604373
MGX-20921-I5Mv-0013	935	10000	1e-06	1e-06	100000	20	10.6902	554	139	138	241	5.347593582887701e-05	5e-06	0.050661890629175046
MGX-20921-I5Mv-0014	452	10000	1e-06	1e-06	100000	20	22.1170	2289	581	595	671	0.00011061946902654868	5e-06	0.07049504089577313
MGX-20921-I5Mv-0015	1730	10000	1e-06	1e-06	100000	20	5.7783	7201	2555	2837	3463	2.8901734104046245e-05	5e-06	0.004912514366129211
MGX-20921-I5Mv-0016	361	10000	1e-06	1e-06	100000	20	27.6632	903	318	437	343	0.00013850415512465375	5e-06	0.07350802475751685
MGX-20921-I5Mv-0017	300	10000	1e-06	1e-06	100000	20	33.3264	1224	348	261	566	0.0001666666666666667	5e-06	0.1336322099500715
MGX-20921-I5Mv-0018	1269	10000	1e-06	1e-06	100000	20	7.8787	11000	3464	2546	2709	3.940110323089047e-05	5e-06	0.003956441556673568
MGX-20921-I5Mv-0019	1150	10000	1e-06	1e-06	100000	20	8.6948	11271	4148	4453	3310	4.347826086956522e-05	5e-06	0.002684212603357884
MGX-20921-I5Mv-0020	1783	10000	1e-06	1e-06	100000	20	5.6062	11020	4697	3658	4463	2.8042624789680316e-05	5e-06	0.0016723382110135428
MGX-20921-I5Mv-0021	778	10000	1e-06	1e-06	100000	20	12.8481	1880	417	937	534	6.426735218508998e-05	5e-06	0.048701368726448126
MGX-20921-I5Mv-0022	917	10000	1e-06	1e-06	100000	20	10.8980	8725	3301	2264	2580	5.452562704471102e-05	5e-06	0.0038448095744737813
MGX-20921-I5Mv-0023	660	10000	1e-06	1e-06	100000	20	15.1313	3567	994	1366	1107	7.575757575757576e-05	5e-06	0.021999884556584276
MGX-20921-I5Mv-0024	1727	10000	1e-06	1e-06	100000	20	5.7882	6968	3296	2122	2065	2.8951939779965258e-05	5e-06	0.003579066429975596
MGX-20921-I5Mv-0025	357	10000	1e-06	1e-06	100000	20	28.0076	2153	561	1045	1008	0.0001400560224089636	5e-06	0.039861432918740745
MGX-20921-I5Mv-0026	904	10000	1e-06	1e-06	100000	20	11.0532	6970	2643	2593	2752	5.530973451327434e-05	5e-06	0.009437230803051892
MGX-20921-I5Mv-0027	1762	10000	1e-06	1e-06	100000	20	5.6725	1738	504	443	530	2.837684449489217e-05	5e-06	0.015775564450345527
MGX-20921-I5Mv-0028	1118	10000	1e-06	1e-06	100000	20	8.9419	8015	3958	2383	2963	4.47227191413238e-05	5e-06	0.0028959712527178386
MGX-20921-I5Mv-0029	802	10000	1e-06	1e-06	100000	20	12.4661	7178	2096	3033	3242	6.234413965087283e-05	5e-06	0.04841462870463108
MGX-20921-I5Mv-0030	403	10000	1e-06	1e-06	100000	20	24.7644	3636	1012	1115	1483	0.00012406947890818859	5e-06	0.10266912421377859
MGX-20921-I5Mv-0031	1917	10000	1e-06	1e-06	100000	20	5.2143	15506	4852	7274	5475	2.6082420448617632e-05	5e-06	0.007285982717138044
MGX-20921-I5Mv-0032	281	10000	1e-06	1e-06	100000	20	35.5322	1161	295	518	450	0.00017793594306049823	5e-06	0.047692660609906457
MGX-20921-I5Mv-0033	1952	10000	1e-06	1e-06	100000	20	5.1204	17535	7357	5638	7701	2.5614754098360656e-05	5e-06	0.020958646638650786
MGX-20921-I5Mv-0034	236	10000	1e-06	1e-06	100000	20	42.2950	1451	458	420	608	0.00021186440677966104	5e-06	0.03342743192982499
MGX-20921-I5Mv-0035	1424	10000	1e-06	1e-06	100000	20	7.0212	4535	1128	977	1629	3.51123595505618e-05	5e-06	0.015498103519900528
MGX-20921-I5Mv-0036	976	10000	1e-06	1e-06	100000	20	10.2408	6092	1915	2351	2739	5.122950819672131e-05	5e-06	0.025094547129477895
MGX-20921-I5Mv-0037	1049	10000	1e-06	1e-06	100000	20	9.5326	5322	2226	1169	1707	4.766444232602479e-05	5e-06	0.004872493650688914
MGX-20921-I5Mv-0038	1507	10000	1e-06	1e-06	100000	20	6.6320	13503	6161	5555	5390	3.3178500331785e-05	5e-06	0.0019648116027816452
MGX-20921-I5Mv-0039	1648	10000	1e-06	1e-06	100000	20	6.0669	10849	3622	4162	4456	3.033980582524272e-05	5e-06	0.017984151491266715
MGX-20921-I5Mv-0040	800	10000	1e-06	1e-06	100000	20	12.4932	6662	2110	2536	2754	6.25e-05	5e-06	0.010949472950655747
MGX-20921-I5Mv-0041	1537	10000	1e-06	1e-06	100000	20	6.5043	2236	716	720	782	3.2530904359141185e-05	5e-06	0.014141581784450028
MGX-20921-I5Mv-0042	497	10000	1e-06	1e-06	100000	20	20.1080	1336	289	538	420	0.0001006036217303823	5e-06	0.07829426362723345
MGX-20921-I5Mv-0043	1460	10000	1e-06	1e-06	100000	20	6.8482	9496	1922	2663	3066	3.424657534246576e-05	5e-06	0.027013092352451206
MGX-20921-I5Mv-0044	1550	10000	1e-06	1e-06	100000	20	6.4479	8492	4162	2187	3052	3.2258064516129034e-05	5e-06	0.0038683207676283773
MGX-20921-I5Mv-0045	941	10000	1e-06	1e-06	100000	20	10.6173	1256	278	495	481	5.313496280552604e-05	5e-06	0.033543378406091694
MGX-20921-I5Mv-0046	1826	10000	1e-06	1e-06	100000	20	5.4742	7664	3653	2615	3772	2.738225629791895e-05	5e-06	0.020749319004426788
MGX-20921-I5Mv-0047	855	10000	1e-06	1e-06	100000	20	11.6958	3255	1365	1607	1463	5.847953216374269e-05	5e-06	0.04620848385058383
MGX-20921-I5Mv-0048	1432	10000	1e-06	1e-06	100000	20	6.9789	10479	3393	3506	4297	3.491620111731844e-05	5e-06	0.021366758680583717
MGX-20921-I5Mv-0049	1739	10000	1e-06	1e-06	100000	20	5.7485	9646	3340	4183	3877	2.8752156411730883e-05	5e-06	0.007679023050567868
MGX-20921-I5Mv-0050	543	10000	1e-06	1e-06	100000	20	18.3867	3547	807	1654	1420	9.208103130755066e-05	5e-06	0.05674775157884043
MGX-20921-I5Mv-0051	406	10000	1e-06	1e-06	100000	20	24.6123	1781	501	442	679	0.00012315270935960593	5e-06	0.06112819348092178
MGX-20921-I5Mv-0052	1337	10000	1e-06	1e-06	100000	20	7.4741	5069	1519	1124	1722	3.7397157816005985e-05	5e-06	0.00831228174397786
MGX-20921-I5Mv-0053	1850	10000	1e-06	1e-06	100000	20	5.4025	9358	2953	2963	4421	2.702702702702703e-05	5e-06	0.012425018413045243
MGX-20921-I5Mv-0054	227	10000	1e-06	1e-06	100000	20	43.8708	2130	816	1021	948	0.00022026431718061675	5e-06	0.07497687777520674
MGX-20921-I5Mv-0055	671	10000	1e-06	1e-06	100000	20	14.8901	2633	744	821	1223	7.451564828614009e-05	5e-06	0.061701658661306814
MGX-20921-I5Mv-0056	1813	10000	1e-06	1e-06	100000	20	5.5140	17327	5621	3786	6181	2.7578599007170437e-05	5e-06	0.025884565793500895
MGX-20921-I5Mv-0057	1886	10000	1e-06	1e-06	100000	20	5.3017	13824	4590	6535	3951	2.651113467656416e-05	5e-06	0.002884249761338774
MGX-20921-I5Mv-0058	1087	10000	1e-06	1e-06	100000	20	9.1942	5376	2219	1389	2298	4.599816007359706e-05	5e-06	0.012287614931325812
MGX-20921-I5Mv-0059	1229	10000	1e-06	1e-06	100000	20	8.1361	8636	1829	2943	3328	4.068348250610253e-05	5e-06	0.02592880519936401
MGX-20921-I5Mv-0060	639	10000	1e-06	1e-06	100000	20	15.6479	4016	1674	1472	1997	7.82472613458529e-05	5e-06	0.011832184065435325
MGX-20921-I5Mv-0061	1377	10000	1e-06	1e-06	100000	20	7.2603	10136	3538	2139	3730	3.6310820624546116e-05	5e-06	0.035885304805736755
MGX-20921-I5Mv-0062	1824	10000	1e-06	1e-06	100000	20	5.4821	11126	2261	3679	2437	2.7412280701754386e-05	5e-06	0.0037189838218785014
MGX-20921-I5Mv-0063	1368	10000	1e-06	1e-06	100000	20	7.3053	11852	5886	4716	5919	3.654970760233918e-05	5e-06	0.009355628767230706
MGX-20921-I5Mv-0064	1601	10000	1e-06	1e-06	100000	20	6.2431	1765	697	516	816	3.123048094940662e-05	5e-06	0.030321703473512707
MGX-20921-I5Mv-0065	283	10000	1e-06	1e-06	100000	20	35.2723	716	197	301	273	0.000176678445229682	5e-06	0.031408236037851964
MGX-20921-I5Mv-0066	1688	10000	1e-06	1e-06	100000	20	5.9225	12111	2935	5856	3498	2.962085308056872e-05	5e-06	0.021459921186147857
MGX-20921-I5Mv-0067	543	10000	1e-06	1e-06	100000	20	18.3968	4223	1060	1168	1776	9.208103130755066e-05	5e-06	0.029244964286299215
MGX-20921-I5Mv-0068	1375	10000	1e-06	1e-06	100000	20	7.2677	3061	1317	1006	1510	3.6363636363636364e-05	5e-06	0.015359295634271358
MGX-20921-I5Mv-0069	478	10000	1e-06	1e-06	100000	20	20.8907	1089	384	236	523	0.00010460251046025105	5e-06	0.01903989543420445
MGX-20921-I5Mv-0070	1720	10000	1e-06	1e-06	100000	20	5.8129	940	378	439	459	2.9069767441860467e-05	5e-06	0.02868490790440584
MGX-20921-I5Mv-0071	460	10000	1e-06	1e-06	100000	20	21.7017	3768	768	1878	1475	0.00010869565217391305	5e-06	0.07748947822872593
MGX-20921-I5Mv-0072	350	10000	1e-06	1e-06	100000	20	28.5462	2918	599	1003	1300	0.00014285714285714287	5e-06	0.07046512244276867
MGX-20921-I5Mv-0073	1749	10000	1e-06	1e-06	100000	20	5.7158	13778	6145	5451	4163	2.8587764436821043e-05	5e-06	0.003591400146554331
MGX-20921-I5Mv-0074	1707	10000	1e-06	1e-06	100000	20	5.8580	6573	2441	2527	2658	2.9291154071470417e-05	5e-06	0.011488224695904855
MGX-20921-I5Mv-0075	1932	10000	1e-06	1e-06	100000	20	5.1747	13608	6464	5751	5435	2.587991718426501e-05	5e-06	0.004190418275640253
MGX-20921-I5Mv-0076	652	10000	1e-06	1e-06	100000	20	15.3219	6106	1353	1446	1955	7.668711656441718e-05	5e-06	0.016569999350206865
MGX-20921-I5Mv-0077	528	10000	1e-06	1e-06	100000	20	18.9075	1131	411	331	522	9.46969696969697e-05	5e-06	0.058279767365432084
MGX-20921-I5Mv-0078	1727	10000	1e-06	1e-06	100000	20	5.7902	1501	502	548	554	2.8951939779965258e-05	5e-06	0.01442971966389845
MGX-20921-I5Mv-0079	1995	10000	1e-06	1e-06	100000	20	5.0105	17587	4702	4769	5442	2.506265664160401e-05	5e-06	0.005821365353574072
MGX-20921-I5Mv-0080	483	10000	1e-06	1e-06	100000	20	20.6710	4323	949	1293	1668	0.00010351966873706004	5e-06	0.08848295176161938
MGX-20921-I5Mv-0081	795	10000	1e-06	1e-06	100000	20	12.5783	5115	1149	2042	2122	6.289308176100629e-05	5e-06	0.04372419099563937
MGX-20921-I5Mv-0082	1095	10000	1e-06	1e-06	100000	20	9.1316	9342	1893	3806	4062	4.5662100456621006e-05	5e-06	0.03115406960914025
MGX-20921-I5Mv-0083	1706	10000	1e-06	1e-06	100000	20	5.8604	14632	6257	5514	6163	2.9308323563892145e-05	5e-06	0.002498673732479965
MGX-20921-I5Mv-0084	1226	10000	1e-06	1e-06	100000	20	8.1547	6987	3090	1616	2679	4.078303425774878e-05	5e-06	0.004245247140232346
MGX-20921-I5Mv-0085	1563	10000	1e-06	1e-06	100000	20	6.3939	5246	1677	1154	2284	3.198976327575176e-05	5e-06	0.025855377964579228
MGX-20921-I5Mv-0086	1988	10000	1e-06	1e-06	100000	20	5.0296	17774	3919	6137	5252	2.5150905432595576e-05	5e-06	0.021416006383111655
MGX-20921-I5Mv-0087	1888	10000	1e-06	1e-06	100000	20	5.2950	3738	1288	1525	1474	2.648305084745763e-05	5e-06	0.019078481161685798
MGX-20921-I5Mv-0088	1927	10000	1e-06	1e-06	100000	20	5.1891	14440	3143	6293	7160	2.5947067981318112e-05	5e-06	0.02497882348287696
MGX-20921-I5Mv-0089	333	10000	1e-06	1e-06	100000	20	29.9932	1861	422	714	741	0.00015015015015015017	5e-06	0.09421745238421488
MGX-20921-I5Mv-0090	1822	10000	1e-06	1e-06	100000	20	5.4865	11216	3355	3844	4218	2.7442371020856205e-05	5e-06	0.0051758055041608185
MGX-20921-I5Mv-0091	1247	10000	1e-06	1e-06	100000	20	8.0131	3609	880	944	1435	4.0096230954290296e-05	5e-06	0.019472563563490038
MGX-20921-I5Mv-0092	1455	10000	1e-06	1e-06	100000	20	6.8723	7881	1886	2505	2779	3.4364261168384884e-05	5e-06	0.026352735235632863
MGX-20921-I5Mv-0093	1130	10000	1e-06	1e-06	100000	20	8.8455	8496	1875	2516	1999	4.424778761061947e-05	5e-06	0.024990735464525203
MGX-20921-I5Mv-0094	1975	10000	1e-06	1e-06	100000	20	5.0611	9190	3422	2987	3174	2.5316455696202533e-05	5e-06	0.004698295781508962
MGX-20921-I5Mv-0095	955	10000	1e-06	1e-06	100000	20	10.4621	6229	1551	2846	1742	5.235602094240838e-05	5e-06	0.030903079011165065
MGX-20921-I5Mv-0096	659	10000	1e-06	1e-06	100000	20	15.1612	6319	1347	1883	1984	7.587253414264036e-05	5e-06	0.021288218286211465
MGX-20921-I5Mv-0097	604	10000	1e-06	1e-06	100000	20	16.5405	2656	754	1242	771	8.278145695364238e-05	5e-06	0.06051972662256409
MGX-20921-I5Mv-0098	1531	10000	1e-06	1e-06	100000	20	6.5283	2116	968	654	1024	3.2658393207054215e-05	5e-06	0.024568390329475907
MGX-20921-I5Mv-0099	1644	10000	1e-06	1e-06	100000	20	6.0797	12348	4667	5900	5463	3.0413625304136255e-05	5e-06	0.017715123153360855
MGX-20921-I5Mv-0100	245	10000	1e-06	1e-06	100000	20	40.8140	1507	446	581	687	0.00020408163265306123	5e-06	0.06562336358949691
MIG-20921-rI3C-0001	10000	10000	1e-06	1e-06	100000	20	1.0000	73211	27529	26904	23870	5e-06	5e-06	0.0013715886330609554
MIG-20921-rI3C-0002	10000	10000	1e-06	1e-06	100000	20	1.0000	35840	7370	8947	17385	5e-06	5e-06	0.004494377268423523
MIG-20921-rI3C-0003	10000	10000	1e-06	1e-06	100000	20	1.0000	45518	15208	21791	20039	5e-06	5e-06	0.0037778393268386467
MIG-20921-rI3C-0004	10000	10000	1e-06	1e-06	100000	20	1.0000	78122	32515	28457	21739	5e-06	5e-06	0.0038634092774431964
MIG-20921-rI3C-0005	10000	10000	1e-06	1e-06	100000	20	1.0000	23623	8739	9777	5243	5e-06	5e-06	0.003618835543792118
MIG-20921-rI3C-0006	10000	10000	1e-06	1e-06	100000	20	1.0000	22714	10219	7098	6119	5e-06	5e-06	0.0020111692872103125
MIG-20921-rI3C-0007	10000	10000	1e-06	1e-06	100000	20	1.0000	48875	13524	9937	22100	5e-06	5e-06	0.0013641226468247259
MIG-20921-rI3C-0008	10000	10000	1e-06	1e-06	100000	20	1.0000	76470	38092	34077	21863	5e-06	5e-06	0.004161022152048531
MIG-20921-rI3C-0009	10000	10000	1e-06	1e-06	100000	20	1.0000	59511	23535	15321	27182	5e-06	5e-06	0.003630310578926867
MIG-20921-rI3C-0010	10000	10000	1e-06	1e-06	100000	20	1.0000	18012	5830	4662	5691	5e-06	5e-06	0.0022523681215995774
MIG-20921-rI3C-0011	10000	10000	1e-06	1e-06	100000	20	1.0000	85441	21848	23929	19845	5e-06	5e-06	0.004101045371231568
MIG-20921-rI3C-0012	10000	10000	1e-06	1e-06	100000	20	1.0000	88381	26121	27944	30653	5e-06	5e-06	0.0049036190206646485
MIG-20921-rI3C-0013	10000	10000	1e-06	1e-06	100000	20	1.0000	54482	26125	20887	26332	5e-06	5e-06	0.0021377257491263417
MIG-20921-rI3C-0014	10000	10000	1e-06	1e-06	100000	20	1.0000	7601	1815	3139	3745	5e-06	5e-06	0.004398548165020823
MIG-20921-rI3C-0015	10000	10000	1e-06	1e-06	100000	20	1.0000	79805	29995	30364	27496	5e-06	5e-06	0.0024648828435666023
MIG-20921-rI3C-0016	10000	10000	1e-06	1e-06	100000	20	1.0000	26322	9197	6608	11496	5e-06	5e-06	0.0027407762857743286
MIG-20921-rI3C-0017	10000	10000	1e-06	1e-06	100000	20	1.0000	92854	43713	18871	28612	5e-06	5e-06	0.004364124288133759
MIG-20921-rI3C-0018	10000	10000	1e-06	1e-06	100000	20	1.0000	58620	28549	22122	20185	5e-06	5e-06	0.004459483842527321
MIG-20921-rI3C-0019	10000	10000	1e-06	1e-06	100000	20	1.0000	12599	2772	5867	6064	5e-06	5e-06	0.002869552823174792
MIG-20921-rI3C-0020	10000	10000	1e-06	1e-06	100000	20	1.0000	80042	22816	21392	34290	5e-06	5e-06	0.0012052400863917455
MIG-20921-rI3C-0021	10000	10000	1e-06	1e-06	100000	20	1.0000	64880	28964	28313	22616	5e-06	5e-06	0.0047293850868957606
MIG-20921-rI3C-0022	10000	10000	1e-06	1e-06	100000	20	1.0000	16451	5515	4565	4035	5e-06	5e-06	0.0036040049046224014
MIG-20921-rI3C-0023	10000	10000	1e-06	1e-06	100000	20	1.0000	49818	14091	23065	19525	5e-06	5e-06	0.004075714355037914
MIG-20921-rI3C-0024	10000	10000	1e-06	1e-06	100000	20	1.0000	92045	45708	38368	26474	5e-06	5e-06	0.004418002474212805
MIG-20921-rI3C-0025	10000	10000	1e-06	1e-06	100000	20	1.0000	12673	3186	3054	4680	5e-06	5e-06	0.0018275064646216847
MIG-20921-rI3C-0026	10000	10000	1e-06	1e-06	100000	20	1.0000	44500	12595	14714	15132	5e-06	5e-06	0.0033452456013055064
MIG-20921-rI3C-0027	10000	10000	1e-06	1e-06	100000	20	1.0000	95951	32930	28054	28503	5e-06	5e-06	0.003641381894777571
MIG-20921-rI3C-0028	10000	10000	1e-06	1e-06	100000	20	1.0000	72364	15059	24203	16090	5e-06	5e-06	0.0033059690182294047
MIG-20921-rI3C-0029	10000	10000	1e-06	1e-06	100000	20	1.0000	13038	4643	5187	4958	5e-06	5e-06	0.004436106687802156
MIG-20921-rI3C-0030	10000	10000	1e-06	1e-06	100000	20	1.0000	80471	37668	17906	38648	5e-06	5e-06	0.001998222286040493
MIG-20921-rI3C-0031	10000	10000	1e-06	1e-06	100000	20	1.0000	77847	18947	29883	17465	5e-06	5e-06	0.0012426845677380068
MIG-20921-rI3C-0032	10000	10000	1e-06	1e-06	100000	20	1.0000	34832	16477	12738	8500	5e-06	5e-06	0.003249366557646482
MIG-20921-rI3C-0033	10000	10000	1e-06	1e-06	100000	20	1.0000	68572	17851	15730	26867	5e-06	5e-06	0.003405790302673759
MIG-20921-rI3C-0034	10000	10000	1e-06	1e-06	100000	20	1.0000	12486	2933	5478	5359	5e-06	5e-06	0.002991725560720017
MIG-20921-rI3C-0035	10000	10000	1e-06	1e-06	100000	20	1.0000	79033	27434	20665	21300	5e-06	5e-06	0.0013232213121353344
MIG-20921-rI3C-0036	10000	10000	1e-06	1e-06	100000	20	1.0000	41917	17843	20865	8831	5e-06	5e-06	0.0018906731079409021
MIG-20921-rI3C-0037	10000	10000	1e-06	1e-06	100000	20	1.0000	46766	13047	10435	21262	5e-06	5e-06	0.0016797694608616358
MIG-20921-rI3C-0038	10000	10000	1e-06	1e-06	100000	20	1.0000	21235	6118	9880	9504	5e-06	5e-06	0.00115079711587131
MIG-20921-rI3C-0039	10000	10000	1e-06	1e-06	100000	20	1.0000	78000	15811	31294	17950	5e-06	5e-06	0.002683033602868106
MIG-20921-rI3C-0040	10000	10000	1e-06	1e-06	100000	20	1.0000	81774	20263	34445	32278	5e-06	5e-06	0.0017465226785803247
MIG-20921-rI3C-0041	10000	10000	1e-06	1e-06	100000	20	1.0000	22520	6979	4581	9309	5e-06	5e-06	0.0017993057846952595
MIG-20921-rI3C-0042	10000	10000	1e-06	1e-06	100000	20	1.0000	16381	6335	7478	6298	5e-06	5e-06	0.0026713889632845027
MIG-20921-rI3C-0043	10000	10000	1e-06	1e-06	100000	20	1.0000	95213	20888	37068	46008	5e-06	5e-06	0.0034410213055281217
MIG-20921-rI3C-0044	10000	10000	1e-06	1e-06	100000	20	1.0000	80148	27313	33647	31301	5e-06	5e-06	0.0010515430995216874
MIG-20921-rI3C-0045	10000	10000	1e-06	1e-06	100000	20	1.0000	14004	5615	6928	6233	5e-06	5e-06	0.0031926670320417
MIG-20921-rI3C-0046	10000	10000	1e-06	1e-06	100000	20	1.0000	85918	26561	40139	40351	5e-06	5e-06	0.0030799358965357564
MIG-20921-rI3C-0047	10000	10000	1e-06	1e-06	100000	20	1.0000	36096	9982	12300	10588	5e-06	5e-06	0.0011614873315468548
MIG-20921-rI3C-0048	10000	10000	1e-06	1e-06	100000	20	1.0000	22405	9774	9846	5773	5e-06	5e-06	0.004854622324630246
MIG-20921-rI3C-0049	10000	10000	1e-06	1e-06	100000	20	1.0000	13968	3544	4756	4773	5e-06	5e-06	0.004333685787724166
MIG-20921-rI3C-0050	10000	10000	1e-06	1e-06	100000	20	1.0000	34742	14512	11341	12709	5e-06	5e-06	0.002053421797771272
MIG-20921-rI3C-0051	10000	10000	1e-06	1e-06	100000	20	1.0000	51154	15226	10661	10789	5e-06	5e-06	0.0031802613224897153
MIG-20921-rI3C-0052	10000	10000	1e-06	1e-06	100000	20	1.0000	62135	22948	19300	25094	5e-06	5e-06	0.002817082093028258
MIG-20921-rI3C-0053	10000	10000	1e-06	1e-06	100000	20	1.0000	41502	12686	9901	15192	5e-06	5e-06	0.0025230236574044396
MIG-20921-rI3C-0054	10000	10000	1e-06	1e-06	100000	20	1.0000	61782	21550	12356	18601	5e-06	5e-06	0.0024341855371455253
MIG-20921-rI3C-0055	10000	10000	1e-06	1e-06	100000	20	1.0000	49919	16761	19698	24093	5e-06	5e-06	0.0029405996764488808
MIG-20921-rI3C-0056	10000	10000	1e-06	1e-06	100000	20	1.0000	54328	17926	14997	15724	5e-06	5e-06	0.004759817654544871
MIG-20921-rI3C-0057	10000	10000	1e-06	1e-06	100000	20	1.0000	63123	27851	24095	29122	5e-06	5e-06	0.004590547650721401
MIG-20921-rI3C-0058	10000	10000	1e-06	1e-06	100000	20	1.0000	95495	38944	36706	44297	5e-06	5e-06	0.001693250024958698
MIG-20921-rI3C-0059	10000	10000	1e-06	1e-06	100000	20	1.0000	45895	14057	16396	20439	5e-06	5e-06	0.004500695274216504
MIG-20921-rI3C-0060	10000	10000	1e-06	1e-06	100000	20	1.0000	41959	10515	20110	12593	5e-06	5e-06	0.0016511317763811433
MIG-20921-rI3C-0061	10000	10000	1e-06	1e-06	100000	20	1.0000	53481	20647	23234	26674	5e-06	5e-06	0.0036306799222639583
MIG-20921-rI3C-0062	10000	10000	1e-06	1e-06	100000	20	1.0000	61797	22447	28397	12641	5e-06	5e-06	0.0025208883243854952
MIG-20921-rI3C-0063	10000	10000	1e-06	1e-06	100000	20	1.0000	74279	29563	28805	19623	5e-06	5e-06	0.0040512101369657005
MIG-20921-rI3C-0064	10000	10000	1e-06	1e-06	100000	20	1.0000	49952	15818	23049	20519	5e-06	5e-06	0.0034965804942818737
MIG-20921-rI3C-0065	10000	10000	1e-06	1e-06	100000	20	1.0000	9560	3586	4744	4217	5e-06	5e-06	0.00409034635762363
MIG-20921-rI3C-0066	10000	10000	1e-06	1e-06	100000	20	1.0000	76255	28816	29540	37683	5e-06	5e-06	0.0030694017953506614
MIG-20921-rI3C-0067	10000	10000	1e-06	1e-06	100000	20	1.0000	96885	19497	42731	29559	5e-06	5e-06	0.0009189114378922185
MIG-20921-rI3C-0068	10000	10000	1e-06	1e-06	100000	20	1.0000	29723	11497	8139	10096	5e-06	5e-06	0.003566152820185806
MIG-20921-rI3C-0069	10000	10000	1e-06	1e-06	100000	20	1.0000	85270	39519	28966	24400	5e-06	5e-06	0.002096556720807669
MIG-20921-rI3C-0070	10000	10000	1e-06	1e-06	100000	20	1.0000	86139	34042	22584	19412	5e-06	5e-06	0.0023296309524751375
MIG-20921-rI3C-0071	10000	10000	1e-06	1e-06	100000	20	1.0000	52848	17733	22050	12567	5e-06	5e-06	0.00286621469607837
MIG-20921-rI3C-0072	10000	10000	1e-06	1e-06	100000	20	1.0000	29688	14379	8089	13809	5e-06	5e-06	0.002113685533259496
MIG-20921-rI3C-0073	10000	10000	1e-06	1e-06	100000	20	1.0000	73727	34146	26432	19419	5e-06	5e-06	0.004900005965555185
MIG-20921-rI3C-0074	10000	10000	1e-06	1e-06	100000	20	1.0000	11160	2465	3093	4662	5e-06	5e-06	0.0016216119575710231
MIG-20921-rI3C-0075	10000	10000	1e-06	1e-06	100000	20	1.0000	40496	14136	19882	15124	5e-06	5e-06	0.002321785433685691
MIG-20921-rI3C-0076	10000	10000	1e-06	1e-06	100000	20	1.0000	75741	18298	24587	35881	5e-06	5e-06	0.004362300972198612
MIG-20921-rI3C-0077	10000	10000	1e-06	1e-06	100000	20	1.0000	12066	2509	4881	4686	5e-06	5e-06	0.0019943555201222822
MIG-20921-rI3C-0078	10000	10000	1e-06	1e-06	100000	20	1.0000	18994	7539	8606	8867	5e-06	5e-06	0.002409618987927422
MIG-20921-rI3C-0079	10000	10000	1e-06	1e-06	100000	20	1.0000	56685	26883	25391	13087	5e-06	5e-06	0.003044571977326225
MIG-20921-rI3C-0080	10000	10000	1e-06	1e-06	100000	20	1.0000	63049	17683	22792	17923	5e-06	5e-06	0.0007954575457009052
MIG-20921-rI3C-0081	10000	10000	1e-06	1e-06	100000	20	1.0000	58482	18869	13526	27334	5e-06	5e-06	0.0046033290176483495
MIG-20921-rI3C-0082	10000	10000	1e-06	1e-06	100000	20	1.0000	44314	20440	9377	16849	5e-06	5e-06	0.0009717293545047667
MIG-20921-rI3C-0083	10000	10000	1e-06	1e-06	100000	20	1.0000	87217	31477	35434	38350	5e-06	5e-06	0.0021206577119016637
MIG-20921-rI3C-0084	10000	10000	1e-06	1e-06	100000	20	1.0000	96082	45391	24676	19769	5e-06	5e-06	0.004863446095523712
MIG-20921-rI3C-0085	10000	10000	1e-06	1e-06	100000	20	1.0000	56589	12667	12493	17853	5e-06	5e-06	0.0018735826820427506
MIG-20921-rI3C-0086	10000	10000	1e-06	1e-06	100000	20	1.0000	83061	34051	35354	38997	5e-06	5e-06	0.0038083010447046697
MIG-20921-rI3C-0087	10000	10000	1e-06	1e-06	100000	20	1.0000	83375	33358	37359	35620	5e-06	5e-06	0.0024356132289391555
MIG-20921-rI3C-0088	10000	10000	1e-06	1e-06	100000	20	1.0000	62092	27351	25977	14581	5e-06	5e-06	0.0008870630057275417
MIG-20921-rI3C-0089	10000	10000	1e-06	1e-06	100000	20	1.0000	33717	15815	12976	16446	5e-06	5e-06	0.0005536705397883874
MIG-20921-rI3C-0090	10000	10000	1e-06	1e-06	100000	20	1.0000	62385	15899	15402	21625	5e-06	5e-06	0.004132973876642881
MIG-20921-rI3C-0091	10000	10000	1e-06	1e-06	100000	20	1.0000	71541	19146	31607	14405	5e-06	5e-06	0.0018510872057799252
MIG-20921-rI3C-0092	10000	10000	1e-06	1e-06	100000	20	1.0000	70207	23115	33585	32649	5e-06	5e-06	0.0008838653850722654
MIG-20921-rI3C-0093	10000	10000	1e-06	1e-06	100000	20	1.0000	33961	11465	7145	8751	5e-06	5e-06	0.0019195798172898613
MIG-20921-rI3C-0094	10000	10000	1e-06	1e-06	100000	20	1.0000	72778	15126	25523	20205	5e-06	5e-06	0.0040337802737369375
MIG-20921-rI3C-0095	10000	10000	1e-06	1e-06	100000	20	1.0000	27792	10456	9626	11991	5e-06	5e-06	0.0009039024697085989
MIG-20921-rI3C-0096	10000	10000	1e-06	1e-06	100000	20	1.0000	55847	16437	22828	18514	5e-06	5e-06	0.004839265106853426
MIG-20921-rI3C-0097	10000	10000	1e-06	1e-06	100000	20	1.0000	65095	21977	14263	23919	5e-06	5e-06	0.0036894578545339386
MIG-20921-rI3C-0098	10000	10000	1e-06	1e-06	100000	20	1.0000	12856	3662	2879	4216	5e-06	5e-06	0.0026204433236611206
MIG-20921-rI3C-0099	10000	10000	1e-06	1e-06	100000	20	1.0000	24492	8548	5753	5240	5e-06	5e-06	0.0028028063392192704
MIG-20921-rI3C-0100	10000	10000	1e-06	1e-06	100000	20	1.0000	76002	33215	30205	16019	5e-06	5e-06	0.004650546731964898
